train:
  train_data_mixture_en_redpajama: 0.2691261977907851
  train_data_mixture_cleaned_cc100_ind_dedup: 0.12282468560352637
  train_data_mixture_cleaned_cc100_lao_dedup: 0.0009184933114031414
  train_data_mixture_cleaned_cc100_ms_dedup: 0.003764423648746421
  train_data_mixture_cleaned_cc100_th_dedup: 0.007753991636646348
  train_data_mixture_cleaned_cc100_vi_dedup: 0.0944962968780754
  train_data_mixture_ebook_id_non_ocr: 0.0021345947413893345
  train_data_mixture_ebook_id_ocr: 0.0004899807814314496
  train_data_mixture_ebook_ms_non_ocr: 0.0001263231047961466
  train_data_mixture_ebook_th_non_ocr: 0.00014460811443779047
  train_data_mixture_ebook_vi_non_ocr: 0.00038914176921411284
  train_data_mixture_indonesian_madlad: 0.15080966692704637
  train_data_mixture_malay_madlad: 0.012455373627362367
  train_data_mixture_subtitle_id: 0.0007501604001153939
  train_data_mixture_subtitle_th: 0.0009008911633702839
  train_data_mixture_subtitle_vi: 0.00018933764412889327
  train_data_mixture_thai_madlad: 0.1383265900326984
  train_data_mixture_translation_indonesian: 0.002275242309741909
  train_data_mixture_translation_thai: 0.0009749765177433641
  train_data_mixture_translation_vietnamese: 0.000985419505712252
  train_data_mixture_vietnamese_madlad: 0.1848343787145908
  train_data_mixture_vietnamese_sft_pretrain: 0.0023097892556749227
  train_data_mixture_wikipedia_id_text: 0.0007979591808815358
  train_data_mixture_wikipedia_th_text: 0.0011633160569860066
  train_data_mixture_wikipedia_vi_text: 0.0010581612834958802
valid:
  valid_data_mixture_en_redpajama: 1.0
  valid_data_mixture_id_wikipedia: 1.0
  valid_data_mixture_ms_cc100_all: 1.0
  valid_data_mixture_th_wikipedia: 1.0
  valid_data_mixture_vi_wikipedia: 1.0
  valid_data_mixture_all_test: 1.0