train:
  train_data_mixture_en_redpajama: 0.2586774572508977
  train_data_mixture_cleaned_cc100_ind_dedup: 0.08443603069601598
  train_data_mixture_cleaned_cc100_lao_dedup: 0.0009897143620305672
  train_data_mixture_cleaned_cc100_ms_dedup: 0.004207534345271335
  train_data_mixture_cleaned_cc100_th_dedup: 0.007594129335302137
  train_data_mixture_cleaned_cc100_vi_dedup: 0.056170351712320495
  train_data_mixture_ebook_id_non_ocr: 0.003851180047919875
  train_data_mixture_ebook_id_ocr: 0.0004651744288803353
  train_data_mixture_ebook_ms_non_ocr: 5.8958177787837004e-05
  train_data_mixture_ebook_th_non_ocr: 8.434474397075702e-05
  train_data_mixture_ebook_vi_non_ocr: 0.0004598052054436474
  train_data_mixture_indonesian_madlad: 0.08254256110184745
  train_data_mixture_malay_madlad: 0.015018541644947253
  train_data_mixture_subtitle_id: 0.0007814949125918429
  train_data_mixture_subtitle_th: 0.000410400226685027
  train_data_mixture_subtitle_vi: 0.00012895447821628282
  train_data_mixture_thai_madlad: 0.1301163752398378
  train_data_mixture_translation_indonesian: 0.0014322655647334807
  train_data_mixture_translation_thai: 0.001070732133902912
  train_data_mixture_translation_vietnamese: 0.0017420633992815614
  train_data_mixture_vietnamese_madlad: 0.3417644776801774
  train_data_mixture_vietnamese_sft_pretrain: 0.004837830739399892
  train_data_mixture_wikipedia_id_text: 0.0013167204105821789
  train_data_mixture_wikipedia_th_text: 0.0008474282685548631
  train_data_mixture_wikipedia_vi_text: 0.000995473893401474
valid:
  valid_data_mixture_en_redpajama: 1.0
  valid_data_mixture_id_wikipedia: 1.0
  valid_data_mixture_ms_cc100_all: 1.0
  valid_data_mixture_th_wikipedia: 1.0
  valid_data_mixture_vi_wikipedia: 1.0
  valid_data_mixture_all_test: 1.0