train:
  train_data_mixture_en_redpajama: 0.3404686750266726
  train_data_mixture_cleaned_cc100_ind_dedup: 0.10384564429998971
  train_data_mixture_cleaned_cc100_lao_dedup: 0.000794782552737981
  train_data_mixture_cleaned_cc100_ms_dedup: 0.007090075040021031
  train_data_mixture_cleaned_cc100_th_dedup: 0.008447958449758349
  train_data_mixture_cleaned_cc100_vi_dedup: 0.08754342769153321
  train_data_mixture_ebook_id_non_ocr: 0.002172664868488987
  train_data_mixture_ebook_id_ocr: 0.0004640523676859448
  train_data_mixture_ebook_ms_non_ocr: 6.255672572633383e-05
  train_data_mixture_ebook_th_non_ocr: 9.839857783603214e-05
  train_data_mixture_ebook_vi_non_ocr: 0.00030790874791886445
  train_data_mixture_indonesian_madlad: 0.15722075291448395
  train_data_mixture_malay_madlad: 0.016009663379833387
  train_data_mixture_subtitle_id: 0.0008014316810907431
  train_data_mixture_subtitle_th: 0.0009466633236347977
  train_data_mixture_subtitle_vi: 0.00019460796916854852
  train_data_mixture_thai_madlad: 0.08691305190952783
  train_data_mixture_translation_indonesian: 0.002309487506990545
  train_data_mixture_translation_thai: 0.0010418766080303981
  train_data_mixture_translation_vietnamese: 0.0021389377609289527
  train_data_mixture_vietnamese_madlad: 0.17188903191031193
  train_data_mixture_vietnamese_sft_pretrain: 0.0053681201390630455
  train_data_mixture_wikipedia_id_text: 0.0007780540605192382
  train_data_mixture_wikipedia_th_text: 0.0013830395380120019
  train_data_mixture_wikipedia_vi_text: 0.0017091369500354973
valid:
  valid_data_mixture_en_redpajama: 1.0
  valid_data_mixture_id_wikipedia: 1.0
  valid_data_mixture_ms_cc100_all: 1.0
  valid_data_mixture_th_wikipedia: 1.0
  valid_data_mixture_vi_wikipedia: 1.0
  valid_data_mixture_all_test: 1.0