train:
  train_data_mixture_en_redpajama: 0.2791025938673764
  train_data_mixture_cleaned_cc100_ind_dedup: 0.10219978724333145
  train_data_mixture_cleaned_cc100_lao_dedup: 0.00047211315966836113
  train_data_mixture_cleaned_cc100_ms_dedup: 0.004016216284349679
  train_data_mixture_cleaned_cc100_th_dedup: 0.007189496744938006
  train_data_mixture_cleaned_cc100_vi_dedup: 0.09619287166493148
  train_data_mixture_ebook_id_non_ocr: 0.003317175057500486
  train_data_mixture_ebook_id_ocr: 0.00034839040325564363
  train_data_mixture_ebook_ms_non_ocr: 5.342709302251878e-05
  train_data_mixture_ebook_th_non_ocr: 0.00010171042143270643
  train_data_mixture_ebook_vi_non_ocr: 0.00032301238640869667
  train_data_mixture_indonesian_madlad: 0.14072467890940762
  train_data_mixture_malay_madlad: 0.012568568356295584
  train_data_mixture_subtitle_id: 0.0008329493581066853
  train_data_mixture_subtitle_th: 0.0005719958231800378
  train_data_mixture_subtitle_vi: 0.00012734208972130972
  train_data_mixture_thai_madlad: 0.10393461082865306
  train_data_mixture_translation_indonesian: 0.0018246360286290257
  train_data_mixture_translation_thai: 0.0011877617635258897
  train_data_mixture_translation_vietnamese: 0.0016073167243527068
  train_data_mixture_vietnamese_madlad: 0.23743865822274962
  train_data_mixture_vietnamese_sft_pretrain: 0.0033624735452206377
  train_data_mixture_wikipedia_id_text: 0.0009777375950080446
  train_data_mixture_wikipedia_th_text: 0.0005531232359098592
  train_data_mixture_wikipedia_vi_text: 0.0009713531930243386
valid:
  valid_data_mixture_en_redpajama: 1.0
  valid_data_mixture_id_wikipedia: 1.0
  valid_data_mixture_ms_cc100_all: 1.0
  valid_data_mixture_th_wikipedia: 1.0
  valid_data_mixture_vi_wikipedia: 1.0
  valid_data_mixture_all_test: 1.0