train:
  train_data_mixture_en_redpajama: 0.2071277454003339
  train_data_mixture_cleaned_cc100_ind_dedup: 0.13536468652756622
  train_data_mixture_cleaned_cc100_lao_dedup: 0.0007387642301748002
  train_data_mixture_cleaned_cc100_ms_dedup: 0.008021365626528745
  train_data_mixture_cleaned_cc100_th_dedup: 0.010653568831091071
  train_data_mixture_cleaned_cc100_vi_dedup: 0.07535431522414654
  train_data_mixture_ebook_id_non_ocr: 0.0025521822954733733
  train_data_mixture_ebook_id_ocr: 0.000529125185401914
  train_data_mixture_ebook_ms_non_ocr: 0.00011599201578565075
  train_data_mixture_ebook_th_non_ocr: 0.00010504474819740645
  train_data_mixture_ebook_vi_non_ocr: 0.000615656838033899
  train_data_mixture_indonesian_madlad: 0.15373614734143012
  train_data_mixture_malay_madlad: 0.015506695329551361
  train_data_mixture_subtitle_id: 0.0008138056432967645
  train_data_mixture_subtitle_th: 0.0007234577336583157
  train_data_mixture_subtitle_vi: 0.0002576257874679751
  train_data_mixture_thai_madlad: 0.08637519457139625
  train_data_mixture_translation_indonesian: 0.0015119518655514687
  train_data_mixture_translation_thai: 0.001961209934127629
  train_data_mixture_translation_vietnamese: 0.002407792239113625
  train_data_mixture_vietnamese_madlad: 0.28806052736079013
  train_data_mixture_vietnamese_sft_pretrain: 0.003622602878432434
  train_data_mixture_wikipedia_id_text: 0.0015548585206778603
  train_data_mixture_wikipedia_th_text: 0.0011103277250228316
  train_data_mixture_wikipedia_vi_text: 0.0011793561467497219
valid:
  valid_data_mixture_en_redpajama: 1.0
  valid_data_mixture_id_wikipedia: 1.0
  valid_data_mixture_ms_cc100_all: 1.0
  valid_data_mixture_th_wikipedia: 1.0
  valid_data_mixture_vi_wikipedia: 1.0
  valid_data_mixture_all_test: 1.0