train:
  train_data_mixture_en_redpajama: 0.23359477409803187
  train_data_mixture_cleaned_cc100_ind_dedup: 0.10966512586189024
  train_data_mixture_cleaned_cc100_lao_dedup: 0.001185832086789722
  train_data_mixture_cleaned_cc100_ms_dedup: 0.008032587122854963
  train_data_mixture_cleaned_cc100_th_dedup: 0.013410553559864103
  train_data_mixture_cleaned_cc100_vi_dedup: 0.08498546357387819
  train_data_mixture_ebook_id_non_ocr: 0.006134822617512234
  train_data_mixture_ebook_id_ocr: 0.0008958175507371642
  train_data_mixture_ebook_ms_non_ocr: 0.00013424754323189555
  train_data_mixture_ebook_th_non_ocr: 0.0001415876680442931
  train_data_mixture_ebook_vi_non_ocr: 0.0004921601274102173
  train_data_mixture_indonesian_madlad: 0.11711014336133244
  train_data_mixture_malay_madlad: 0.024157635752011866
  train_data_mixture_subtitle_id: 0.0007074519398117367
  train_data_mixture_subtitle_th: 0.0009948239191925432
  train_data_mixture_subtitle_vi: 0.00024030731266901778
  train_data_mixture_thai_madlad: 0.148445957402622
  train_data_mixture_translation_indonesian: 0.002712253604444452
  train_data_mixture_translation_thai: 0.0022930273653835936
  train_data_mixture_translation_vietnamese: 0.0016196424216126386
  train_data_mixture_vietnamese_madlad: 0.23279464526666602
  train_data_mixture_vietnamese_sft_pretrain: 0.003754719891721628
  train_data_mixture_wikipedia_id_text: 0.0021954493234796796
  train_data_mixture_wikipedia_th_text: 0.0018562237178704583
  train_data_mixture_wikipedia_vi_text: 0.00244474691093695
valid:
  valid_data_mixture_en_redpajama: 1.0
  valid_data_mixture_id_wikipedia: 1.0
  valid_data_mixture_ms_cc100_all: 1.0
  valid_data_mixture_th_wikipedia: 1.0
  valid_data_mixture_vi_wikipedia: 1.0
  valid_data_mixture_all_test: 1.0