train:
  train_data_mixture_en_redpajama: 0.26500535994434893
  train_data_mixture_cleaned_cc100_ind_dedup: 0.09884901394135431
  train_data_mixture_cleaned_cc100_lao_dedup: 0.0005512802458742353
  train_data_mixture_cleaned_cc100_ms_dedup: 0.006270709766874467
  train_data_mixture_cleaned_cc100_th_dedup: 0.010091055031955867
  train_data_mixture_cleaned_cc100_vi_dedup: 0.07026268414740842
  train_data_mixture_ebook_id_non_ocr: 0.003187117495104291
  train_data_mixture_ebook_id_ocr: 0.0002671051672897523
  train_data_mixture_ebook_ms_non_ocr: 6.256964562948805e-05
  train_data_mixture_ebook_th_non_ocr: 0.00014833071915436847
  train_data_mixture_ebook_vi_non_ocr: 0.00026015832798164404
  train_data_mixture_indonesian_madlad: 0.13382332087551954
  train_data_mixture_malay_madlad: 0.009375000880656176
  train_data_mixture_subtitle_id: 0.0006027135577733365
  train_data_mixture_subtitle_th: 0.0005054682031820434
  train_data_mixture_subtitle_vi: 0.00016836156801771642
  train_data_mixture_thai_madlad: 0.1085024711107072
  train_data_mixture_translation_indonesian: 0.0013150182732387552
  train_data_mixture_translation_thai: 0.0012398960869151306
  train_data_mixture_translation_vietnamese: 0.0013472587058454045
  train_data_mixture_vietnamese_madlad: 0.2806156370058323
  train_data_mixture_vietnamese_sft_pretrain: 0.004633977623407617
  train_data_mixture_wikipedia_id_text: 0.0012800388359530514
  train_data_mixture_wikipedia_th_text: 0.0007157262199488726
  train_data_mixture_wikipedia_vi_text: 0.0009197266200270774
valid:
  valid_data_mixture_en_redpajama: 1.0
  valid_data_mixture_id_wikipedia: 1.0
  valid_data_mixture_ms_cc100_all: 1.0
  valid_data_mixture_th_wikipedia: 1.0
  valid_data_mixture_vi_wikipedia: 1.0
  valid_data_mixture_all_test: 1.0