train:
  train_data_mixture_en_redpajama: 0.28323694410089784
  train_data_mixture_cleaned_cc100_ind_dedup: 0.10972733761609996
  train_data_mixture_cleaned_cc100_lao_dedup: 0.0008534853026769958
  train_data_mixture_cleaned_cc100_ms_dedup: 0.0053329103928613005
  train_data_mixture_cleaned_cc100_th_dedup: 0.011695454195651744
  train_data_mixture_cleaned_cc100_vi_dedup: 0.09222495407537344
  train_data_mixture_ebook_id_non_ocr: 0.002258756482673676
  train_data_mixture_ebook_id_ocr: 0.0005409930452828294
  train_data_mixture_ebook_ms_non_ocr: 0.00010961562529775644
  train_data_mixture_ebook_th_non_ocr: 7.688175325085181e-05
  train_data_mixture_ebook_vi_non_ocr: 0.00048722890570229526
  train_data_mixture_indonesian_madlad: 0.0860279117257013
  train_data_mixture_malay_madlad: 0.010115860147539082
  train_data_mixture_subtitle_id: 0.0007820090611905853
  train_data_mixture_subtitle_th: 0.0004386719339664189
  train_data_mixture_subtitle_vi: 0.0002363104437453164
  train_data_mixture_thai_madlad: 0.11565840447720459
  train_data_mixture_translation_indonesian: 0.0015630076140003152
  train_data_mixture_translation_thai: 0.0007051295501713438
  train_data_mixture_translation_vietnamese: 0.0011278907186342798
  train_data_mixture_vietnamese_madlad: 0.26855818076853466
  train_data_mixture_vietnamese_sft_pretrain: 0.004707128792957675
  train_data_mixture_wikipedia_id_text: 0.001180827301993574
  train_data_mixture_wikipedia_th_text: 0.0007413323907254339
  train_data_mixture_wikipedia_vi_text: 0.0016127735778665986
valid:
  valid_data_mixture_en_redpajama: 1.0
  valid_data_mixture_id_wikipedia: 1.0
  valid_data_mixture_ms_cc100_all: 1.0
  valid_data_mixture_th_wikipedia: 1.0
  valid_data_mixture_vi_wikipedia: 1.0
  valid_data_mixture_all_test: 1.0