train:
  train_data_mixture_en_redpajama: 0.2607819103099121
  train_data_mixture_cleaned_cc100_ind_dedup: 0.07672941374411858
  train_data_mixture_cleaned_cc100_lao_dedup: 0.0005840048413703273
  train_data_mixture_cleaned_cc100_ms_dedup: 0.006252708551268426
  train_data_mixture_cleaned_cc100_th_dedup: 0.009580423645635572
  train_data_mixture_cleaned_cc100_vi_dedup: 0.09757500091910634
  train_data_mixture_ebook_id_non_ocr: 0.0023558052786203042
  train_data_mixture_ebook_id_ocr: 0.00030894760499293396
  train_data_mixture_ebook_ms_non_ocr: 5.1053826010636084e-05
  train_data_mixture_ebook_th_non_ocr: 0.0001337309621767437
  train_data_mixture_ebook_vi_non_ocr: 0.00033443578632809666
  train_data_mixture_indonesian_madlad: 0.15281075317972795
  train_data_mixture_malay_madlad: 0.011027211124326653
  train_data_mixture_subtitle_id: 0.0008699922899468493
  train_data_mixture_subtitle_th: 0.00043574336238879697
  train_data_mixture_subtitle_vi: 0.00023590162689912306
  train_data_mixture_thai_madlad: 0.10791888258343305
  train_data_mixture_translation_indonesian: 0.0018281437162710823
  train_data_mixture_translation_thai: 0.0014376936662935788
  train_data_mixture_translation_vietnamese: 0.0015892157088261247
  train_data_mixture_vietnamese_madlad: 0.2614690262872846
  train_data_mixture_vietnamese_sft_pretrain: 0.0023171177481791524
  train_data_mixture_wikipedia_id_text: 0.0006466585360638169
  train_data_mixture_wikipedia_th_text: 0.0011861842845236111
  train_data_mixture_wikipedia_vi_text: 0.0015400404162958308
valid:
  valid_data_mixture_en_redpajama: 1.0
  valid_data_mixture_id_wikipedia: 1.0
  valid_data_mixture_ms_cc100_all: 1.0
  valid_data_mixture_th_wikipedia: 1.0
  valid_data_mixture_vi_wikipedia: 1.0
  valid_data_mixture_all_test: 1.0