train:
  train_data_mixture_en_redpajama: 0.29451097197490134
  train_data_mixture_cleaned_cc100_ind_dedup: 0.06282627311064751
  train_data_mixture_cleaned_cc100_lao_dedup: 0.0005855609863243109
  train_data_mixture_cleaned_cc100_ms_dedup: 0.006696638051978427
  train_data_mixture_cleaned_cc100_th_dedup: 0.012627056750236466
  train_data_mixture_cleaned_cc100_vi_dedup: 0.05075676868287965
  train_data_mixture_ebook_id_non_ocr: 0.0023058575705572123
  train_data_mixture_ebook_id_ocr: 0.0005107831866090304
  train_data_mixture_ebook_ms_non_ocr: 5.559221638939256e-05
  train_data_mixture_ebook_th_non_ocr: 9.78910402973034e-05
  train_data_mixture_ebook_vi_non_ocr: 0.00043743705964294216
  train_data_mixture_indonesian_madlad: 0.15375052319760313
  train_data_mixture_malay_madlad: 0.014237365054667873
  train_data_mixture_subtitle_id: 0.0005557139262079352
  train_data_mixture_subtitle_th: 0.0007671930488636592
  train_data_mixture_subtitle_vi: 0.0001620842563279237
  train_data_mixture_thai_madlad: 0.08563906074352312
  train_data_mixture_translation_indonesian: 0.0020263131896048102
  train_data_mixture_translation_thai: 0.00142137198094391
  train_data_mixture_translation_vietnamese: 0.001894739618206743
  train_data_mixture_vietnamese_madlad: 0.30126205000498546
  train_data_mixture_vietnamese_sft_pretrain: 0.003904788291885141
  train_data_mixture_wikipedia_id_text: 0.000785380488293388
  train_data_mixture_wikipedia_th_text: 0.0008938724696233581
  train_data_mixture_wikipedia_vi_text: 0.0012887130987998846
valid:
  valid_data_mixture_en_redpajama: 1.0
  valid_data_mixture_id_wikipedia: 1.0
  valid_data_mixture_ms_cc100_all: 1.0
  valid_data_mixture_th_wikipedia: 1.0
  valid_data_mixture_vi_wikipedia: 1.0
  valid_data_mixture_all_test: 1.0