train:
  train_data_mixture_en_redpajama: 0.23076319639673998
  train_data_mixture_cleaned_cc100_ind_dedup: 0.12424329341573184
  train_data_mixture_cleaned_cc100_lao_dedup: 0.0009232935201539482
  train_data_mixture_cleaned_cc100_ms_dedup: 0.005313672815171623
  train_data_mixture_cleaned_cc100_th_dedup: 0.008180529244100511
  train_data_mixture_cleaned_cc100_vi_dedup: 0.05874950958603621
  train_data_mixture_ebook_id_non_ocr: 0.0021225496657988722
  train_data_mixture_ebook_id_ocr: 0.0005664585689626209
  train_data_mixture_ebook_ms_non_ocr: 9.6485745174581e-05
  train_data_mixture_ebook_th_non_ocr: 0.00015199680061176238
  train_data_mixture_ebook_vi_non_ocr: 0.00025174156130430527
  train_data_mixture_indonesian_madlad: 0.17788028343942167
  train_data_mixture_malay_madlad: 0.01558693794707392
  train_data_mixture_subtitle_id: 0.0005324019241311786
  train_data_mixture_subtitle_th: 0.0004742175425237792
  train_data_mixture_subtitle_vi: 0.0001486357258235072
  train_data_mixture_thai_madlad: 0.081429472421317
  train_data_mixture_translation_indonesian: 0.001674167002766034
  train_data_mixture_translation_thai: 0.0011642067261982542
  train_data_mixture_translation_vietnamese: 0.0011965364499320291
  train_data_mixture_vietnamese_madlad: 0.28270312618765414
  train_data_mixture_vietnamese_sft_pretrain: 0.002555421725083724
  train_data_mixture_wikipedia_id_text: 0.0009409624033521034
  train_data_mixture_wikipedia_th_text: 0.0008659411459403633
  train_data_mixture_wikipedia_vi_text: 0.0014849620389961336
valid:
  valid_data_mixture_en_redpajama: 1.0
  valid_data_mixture_id_wikipedia: 1.0
  valid_data_mixture_ms_cc100_all: 1.0
  valid_data_mixture_th_wikipedia: 1.0
  valid_data_mixture_vi_wikipedia: 1.0
  valid_data_mixture_all_test: 1.0