train:
  train_data_mixture_en_redpajama: 0.3299502727608335
  train_data_mixture_cleaned_cc100_ind_dedup: 0.058449734170337046
  train_data_mixture_cleaned_cc100_lao_dedup: 0.0006637349724884448
  train_data_mixture_cleaned_cc100_ms_dedup: 0.006287841971829119
  train_data_mixture_cleaned_cc100_th_dedup: 0.013538396579049924
  train_data_mixture_cleaned_cc100_vi_dedup: 0.09431520875106085
  train_data_mixture_ebook_id_non_ocr: 0.002457164941319061
  train_data_mixture_ebook_id_ocr: 0.0002995712714935461
  train_data_mixture_ebook_ms_non_ocr: 9.40281968692733e-05
  train_data_mixture_ebook_th_non_ocr: 0.00016248651687243498
  train_data_mixture_ebook_vi_non_ocr: 0.0003962283394001476
  train_data_mixture_indonesian_madlad: 0.12686458803623055
  train_data_mixture_malay_madlad: 0.009416192407110845
  train_data_mixture_subtitle_id: 0.0007802328828937011
  train_data_mixture_subtitle_th: 0.0004426059273481643
  train_data_mixture_subtitle_vi: 0.00015868722037918142
  train_data_mixture_thai_madlad: 0.08426640022773427
  train_data_mixture_translation_indonesian: 0.0015329633221698705
  train_data_mixture_translation_thai: 0.0009072728800641009
  train_data_mixture_translation_vietnamese: 0.000922418230757727
  train_data_mixture_vietnamese_madlad: 0.2621509053290924
  train_data_mixture_vietnamese_sft_pretrain: 0.0027694581507317923
  train_data_mixture_wikipedia_id_text: 0.0011156144528198862
  train_data_mixture_wikipedia_th_text: 0.0006510886522734252
  train_data_mixture_wikipedia_vi_text: 0.0014069038088406316
valid:
  valid_data_mixture_en_redpajama: 1.0
  valid_data_mixture_id_wikipedia: 1.0
  valid_data_mixture_ms_cc100_all: 1.0
  valid_data_mixture_th_wikipedia: 1.0
  valid_data_mixture_vi_wikipedia: 1.0
  valid_data_mixture_all_test: 1.0