train:
  train_data_mixture_en_redpajama: 0.21543436048299008
  train_data_mixture_cleaned_cc100_ind_dedup: 0.12407645403995538
  train_data_mixture_cleaned_cc100_lao_dedup: 0.0010169578396447125
  train_data_mixture_cleaned_cc100_ms_dedup: 0.003547231482177809
  train_data_mixture_cleaned_cc100_th_dedup: 0.010167639397342757
  train_data_mixture_cleaned_cc100_vi_dedup: 0.07370599847424118
  train_data_mixture_ebook_id_non_ocr: 0.0043270353152678916
  train_data_mixture_ebook_id_ocr: 0.00031255678489660666
  train_data_mixture_ebook_ms_non_ocr: 7.066526009398543e-05
  train_data_mixture_ebook_th_non_ocr: 0.00018719124379889187
  train_data_mixture_ebook_vi_non_ocr: 0.00035144671906404994
  train_data_mixture_indonesian_madlad: 0.168082787179438
  train_data_mixture_malay_madlad: 0.01127696290062664
  train_data_mixture_subtitle_id: 0.0005444612051731048
  train_data_mixture_subtitle_th: 0.000585584892400699
  train_data_mixture_subtitle_vi: 0.00027162010396137253
  train_data_mixture_thai_madlad: 0.1436900510443667
  train_data_mixture_translation_indonesian: 0.0024044243810413843
  train_data_mixture_translation_thai: 0.0013091450642374147
  train_data_mixture_translation_vietnamese: 0.0018880085828974367
  train_data_mixture_vietnamese_madlad: 0.22967762180255533
  train_data_mixture_vietnamese_sft_pretrain: 0.0034720621089181307
  train_data_mixture_wikipedia_id_text: 0.0017222045635918758
  train_data_mixture_wikipedia_th_text: 0.0006856951297659527
  train_data_mixture_wikipedia_vi_text: 0.0011918340015526672
valid:
  valid_data_mixture_en_redpajama: 1.0
  valid_data_mixture_id_wikipedia: 1.0
  valid_data_mixture_ms_cc100_all: 1.0
  valid_data_mixture_th_wikipedia: 1.0
  valid_data_mixture_vi_wikipedia: 1.0
  valid_data_mixture_all_test: 1.0