train:
  train_data_mixture_en_redpajama: 0.3678357590620092
  train_data_mixture_cleaned_cc100_ind_dedup: 0.06189211244778999
  train_data_mixture_cleaned_cc100_lao_dedup: 0.0008354032432345802
  train_data_mixture_cleaned_cc100_ms_dedup: 0.006966567729521316
  train_data_mixture_cleaned_cc100_th_dedup: 0.011821696094023216
  train_data_mixture_cleaned_cc100_vi_dedup: 0.09199033635732866
  train_data_mixture_ebook_id_non_ocr: 0.00390542325662742
  train_data_mixture_ebook_id_ocr: 0.00043418499248886047
  train_data_mixture_ebook_ms_non_ocr: 0.00010117063916749058
  train_data_mixture_ebook_th_non_ocr: 0.000143049777926628
  train_data_mixture_ebook_vi_non_ocr: 0.0005547496419114641
  train_data_mixture_indonesian_madlad: 0.08460709382872951
  train_data_mixture_malay_madlad: 0.010443587934847301
  train_data_mixture_subtitle_id: 0.0009674738797701949
  train_data_mixture_subtitle_th: 0.0008584810403944559
  train_data_mixture_subtitle_vi: 0.00019744708913551712
  train_data_mixture_thai_madlad: 0.10883724630590236
  train_data_mixture_translation_indonesian: 0.0013876403264297195
  train_data_mixture_translation_thai: 0.000950310440180809
  train_data_mixture_translation_vietnamese: 0.0014343797305979484
  train_data_mixture_vietnamese_madlad: 0.23555283108001562
  train_data_mixture_vietnamese_sft_pretrain: 0.003940372020431134
  train_data_mixture_wikipedia_id_text: 0.000768615497191031
  train_data_mixture_wikipedia_th_text: 0.0013756052912141969
  train_data_mixture_wikipedia_vi_text: 0.0021984622931313343
valid:
  valid_data_mixture_en_redpajama: 1.0
  valid_data_mixture_id_wikipedia: 1.0
  valid_data_mixture_th_wikipedia: 1.0
  valid_data_mixture_vi_wikipedia: 1.0
  valid_data_mixture_all_test: 1.0
  valid_data_mixture_ms_cc100_all: 1.0
learning_rate: 0.00010856132765587133
warmup_steps: 0
total_steps: 10000
decay_lr: false
global_batch_size: 128
model_name: tiny_LLaMA_mistral_120M
