train:
  train_data_mixture_en_redpajama: 0.3556044401643902
  train_data_mixture_cleaned_cc100_ind_dedup: 0.0668218895594535
  train_data_mixture_cleaned_cc100_lao_dedup: 0.0010650469658548115
  train_data_mixture_cleaned_cc100_ms_dedup: 0.004990042254930014
  train_data_mixture_cleaned_cc100_th_dedup: 0.009282377486567775
  train_data_mixture_cleaned_cc100_vi_dedup: 0.07994713092119805
  train_data_mixture_ebook_id_non_ocr: 0.00463345539177955
  train_data_mixture_ebook_id_ocr: 0.00044408517519376985
  train_data_mixture_ebook_ms_non_ocr: 7.854914043128422e-05
  train_data_mixture_ebook_th_non_ocr: 0.0001470457537101588
  train_data_mixture_ebook_vi_non_ocr: 0.0003298244671376769
  train_data_mixture_indonesian_madlad: 0.08709223873342359
  train_data_mixture_malay_madlad: 0.008826965264383757
  train_data_mixture_subtitle_id: 0.0004953108174090309
  train_data_mixture_subtitle_th: 0.00046800673254732416
  train_data_mixture_subtitle_vi: 0.00014431776028658063
  train_data_mixture_thai_madlad: 0.10954142141563902
  train_data_mixture_translation_indonesian: 0.0012479027456574637
  train_data_mixture_translation_thai: 0.0011004255542722257
  train_data_mixture_translation_vietnamese: 0.001929596775445828
  train_data_mixture_vietnamese_madlad: 0.25907014224379027
  train_data_mixture_vietnamese_sft_pretrain: 0.004152498925794858
  train_data_mixture_wikipedia_id_text: 0.0008491315505658485
  train_data_mixture_wikipedia_th_text: 0.0007452751931416152
  train_data_mixture_wikipedia_vi_text: 0.0009928790069958474
valid:
  valid_data_mixture_en_redpajama: 1.0
  valid_data_mixture_id_wikipedia: 1.0
  valid_data_mixture_th_wikipedia: 1.0
  valid_data_mixture_vi_wikipedia: 1.0
  valid_data_mixture_all_test: 1.0
  valid_data_mixture_ms_cc100_all: 1.0
learning_rate: 2.5384031841671203e-05
warmup_steps: 0
total_steps: 10000
decay_lr: false
global_batch_size: 128
model_name: tiny_LLaMA_mistral_120M
