train:
  train_data_mixture_en_redpajama: 0.2273908008177795
  train_data_mixture_cleaned_cc100_ind_dedup: 0.08772441948314537
  train_data_mixture_cleaned_cc100_lao_dedup: 0.0009239245202497542
  train_data_mixture_cleaned_cc100_ms_dedup: 0.0030695692050266166
  train_data_mixture_cleaned_cc100_th_dedup: 0.008963674215089439
  train_data_mixture_cleaned_cc100_vi_dedup: 0.09397481833450286
  train_data_mixture_ebook_id_non_ocr: 0.004279635670629796
  train_data_mixture_ebook_id_ocr: 0.00043793789629001167
  train_data_mixture_ebook_ms_non_ocr: 9.067384563165836e-05
  train_data_mixture_ebook_th_non_ocr: 8.849281641380149e-05
  train_data_mixture_ebook_vi_non_ocr: 0.0003874031305154344
  train_data_mixture_indonesian_madlad: 0.13137234184304625
  train_data_mixture_malay_madlad: 0.009681333234459837
  train_data_mixture_subtitle_id: 0.0005584368220671063
  train_data_mixture_subtitle_th: 0.0005681479052899765
  train_data_mixture_subtitle_vi: 0.00012144200385238807
  train_data_mixture_thai_madlad: 0.08200735300004078
  train_data_mixture_translation_indonesian: 0.0012504954063960224
  train_data_mixture_translation_thai: 0.0010510751591587641
  train_data_mixture_translation_vietnamese: 0.000989839647864034
  train_data_mixture_vietnamese_madlad: 0.3372629237915776
  train_data_mixture_vietnamese_sft_pretrain: 0.003822714948272471
  train_data_mixture_wikipedia_id_text: 0.0012778866223074662
  train_data_mixture_wikipedia_th_text: 0.0011823745208430737
  train_data_mixture_wikipedia_vi_text: 0.001522285159549987
valid:
  valid_data_mixture_en_redpajama: 1.0
  valid_data_mixture_id_wikipedia: 1.0
  valid_data_mixture_th_wikipedia: 1.0
  valid_data_mixture_vi_wikipedia: 1.0
  valid_data_mixture_all_test: 1.0
  valid_data_mixture_ms_cc100_all: 1.0
learning_rate: 7.205572300037269e-05
warmup_steps: 0
total_steps: 10000
decay_lr: false
global_batch_size: 128
model_name: tiny_LLaMA_mistral_120M
