train:
  train_data_mixture_en_redpajama: 0.3142025650921306
  train_data_mixture_cleaned_cc100_ind_dedup: 0.06252335748108778
  train_data_mixture_cleaned_cc100_lao_dedup: 0.0009260165736751591
  train_data_mixture_cleaned_cc100_ms_dedup: 0.0036064631995971308
  train_data_mixture_cleaned_cc100_th_dedup: 0.007935032952203849
  train_data_mixture_cleaned_cc100_vi_dedup: 0.057026002754400514
  train_data_mixture_ebook_id_non_ocr: 0.003952934818538949
  train_data_mixture_ebook_id_ocr: 0.00047710965809607484
  train_data_mixture_ebook_ms_non_ocr: 8.744668326507408e-05
  train_data_mixture_ebook_th_non_ocr: 0.00011118398713793618
  train_data_mixture_ebook_vi_non_ocr: 0.0005113255780783694
  train_data_mixture_indonesian_madlad: 0.11365256803305233
  train_data_mixture_malay_madlad: 0.01484268869739961
  train_data_mixture_subtitle_id: 0.0006327969702139516
  train_data_mixture_subtitle_th: 0.0005516549972689068
  train_data_mixture_subtitle_vi: 0.000185746754530551
  train_data_mixture_thai_madlad: 0.07811273112045874
  train_data_mixture_translation_indonesian: 0.0018918726561661901
  train_data_mixture_translation_thai: 0.0011868853203023896
  train_data_mixture_translation_vietnamese: 0.001085692767719752
  train_data_mixture_vietnamese_madlad: 0.32937766700215654
  train_data_mixture_vietnamese_sft_pretrain: 0.0031333780975051394
  train_data_mixture_wikipedia_id_text: 0.0011234409033845467
  train_data_mixture_wikipedia_th_text: 0.0012359169910861612
  train_data_mixture_wikipedia_vi_text: 0.0016275209105438156
valid:
  valid_data_mixture_en_redpajama: 1.0
  valid_data_mixture_id_wikipedia: 1.0
  valid_data_mixture_th_wikipedia: 1.0
  valid_data_mixture_vi_wikipedia: 1.0
  valid_data_mixture_all_test: 1.0
  valid_data_mixture_ms_cc100_all: 1.0
learning_rate: 9.999999999999999e-06
warmup_steps: 0
total_steps: 10000
decay_lr: false
global_batch_size: 128
model_name: tiny_LLaMA_mistral_120M
