train:
  train_data_mixture_en_redpajama: 0.325235688624508
  train_data_mixture_cleaned_cc100_ind_dedup: 0.07601808166882243
  train_data_mixture_cleaned_cc100_lao_dedup: 0.0006486480862518309
  train_data_mixture_cleaned_cc100_ms_dedup: 0.005562600125227073
  train_data_mixture_cleaned_cc100_th_dedup: 0.010302797287209849
  train_data_mixture_cleaned_cc100_vi_dedup: 0.05998392948755813
  train_data_mixture_ebook_id_non_ocr: 0.0029977297885822045
  train_data_mixture_ebook_id_ocr: 0.00029635697071023404
  train_data_mixture_ebook_ms_non_ocr: 6.279006943574066e-05
  train_data_mixture_ebook_th_non_ocr: 0.00012351665862744254
  train_data_mixture_ebook_vi_non_ocr: 0.00036245087389324965
  train_data_mixture_indonesian_madlad: 0.16342701612872895
  train_data_mixture_malay_madlad: 0.010399659244641313
  train_data_mixture_subtitle_id: 0.0006986873469064347
  train_data_mixture_subtitle_th: 0.0006676702760090575
  train_data_mixture_subtitle_vi: 0.0001153345149966896
  train_data_mixture_thai_madlad: 0.10362777741927191
  train_data_mixture_translation_indonesian: 0.001156815384655962
  train_data_mixture_translation_thai: 0.0015996625169765364
  train_data_mixture_translation_vietnamese: 0.000980175923046039
  train_data_mixture_vietnamese_madlad: 0.22946363872290648
  train_data_mixture_vietnamese_sft_pretrain: 0.002277800132042782
  train_data_mixture_wikipedia_id_text: 0.001497040652187771
  train_data_mixture_wikipedia_th_text: 0.0009218983601654689
  train_data_mixture_wikipedia_vi_text: 0.0015722337366382965
valid:
  valid_data_mixture_en_redpajama: 1.0
  valid_data_mixture_id_wikipedia: 1.0
  valid_data_mixture_th_wikipedia: 1.0
  valid_data_mixture_vi_wikipedia: 1.0
  valid_data_mixture_all_test: 1.0
  valid_data_mixture_ms_cc100_all: 1.0
learning_rate: 0.0001898503963847928
warmup_steps: 0
total_steps: 10000
decay_lr: false
global_batch_size: 128
model_name: tiny_LLaMA_mistral_120M
