train:
  train_data_mixture_en_redpajama: 0.21118933241941637
  train_data_mixture_cleaned_cc100_ind_dedup: 0.06094912919063761
  train_data_mixture_cleaned_cc100_lao_dedup: 0.0006234656903938853
  train_data_mixture_cleaned_cc100_ms_dedup: 0.005642907800433655
  train_data_mixture_cleaned_cc100_th_dedup: 0.011363838002239343
  train_data_mixture_cleaned_cc100_vi_dedup: 0.11444475572939052
  train_data_mixture_ebook_id_non_ocr: 0.0044234377282977334
  train_data_mixture_ebook_id_ocr: 0.000411145834147406
  train_data_mixture_ebook_ms_non_ocr: 7.7448081169956e-05
  train_data_mixture_ebook_th_non_ocr: 0.00012652663507082963
  train_data_mixture_ebook_vi_non_ocr: 0.00047043700676734367
  train_data_mixture_indonesian_madlad: 0.11312627827515472
  train_data_mixture_malay_madlad: 0.01454229901395318
  train_data_mixture_subtitle_id: 0.0006891528942933588
  train_data_mixture_subtitle_th: 0.0007119285970491003
  train_data_mixture_subtitle_vi: 0.0002029321126194997
  train_data_mixture_thai_madlad: 0.08667659810940298
  train_data_mixture_translation_indonesian: 0.0023965782951176364
  train_data_mixture_translation_thai: 0.0016018138880142315
  train_data_mixture_translation_vietnamese: 0.0010989838048145325
  train_data_mixture_vietnamese_madlad: 0.3609698816560313
  train_data_mixture_vietnamese_sft_pretrain: 0.0038195054389501327
  train_data_mixture_wikipedia_id_text: 0.0015953588375106145
  train_data_mixture_wikipedia_th_text: 0.001291638483637373
  train_data_mixture_wikipedia_vi_text: 0.00155462647548672
valid:
  valid_data_mixture_en_redpajama: 1.0
  valid_data_mixture_id_wikipedia: 1.0
  valid_data_mixture_th_wikipedia: 1.0
  valid_data_mixture_vi_wikipedia: 1.0
  valid_data_mixture_all_test: 1.0
  valid_data_mixture_ms_cc100_all: 1.0
learning_rate: 0.00012140104312249127
warmup_steps: 0
total_steps: 10000
decay_lr: false
global_batch_size: 128
model_name: tiny_LLaMA_mistral_120M
