train:
  train_data_mixture_en_redpajama: 0.2655653022507795
  train_data_mixture_cleaned_cc100_ind_dedup: 0.09105374654767862
  train_data_mixture_cleaned_cc100_lao_dedup: 0.0009786791996380623
  train_data_mixture_cleaned_cc100_ms_dedup: 0.004191796261270188
  train_data_mixture_cleaned_cc100_th_dedup: 0.016865583429235834
  train_data_mixture_cleaned_cc100_vi_dedup: 0.10946758216100867
  train_data_mixture_ebook_id_non_ocr: 0.002422670297022997
  train_data_mixture_ebook_id_ocr: 0.0004496602419628222
  train_data_mixture_ebook_ms_non_ocr: 0.00012783258049319196
  train_data_mixture_ebook_th_non_ocr: 0.00019412185631676382
  train_data_mixture_ebook_vi_non_ocr: 0.0004370051828555875
  train_data_mixture_indonesian_madlad: 0.15494128082696257
  train_data_mixture_malay_madlad: 0.009925133053589942
  train_data_mixture_subtitle_id: 0.0010584501497533122
  train_data_mixture_subtitle_th: 0.0005489434916296416
  train_data_mixture_subtitle_vi: 0.0002961826096934239
  train_data_mixture_thai_madlad: 0.11878940615221673
  train_data_mixture_translation_indonesian: 0.0019593194484390287
  train_data_mixture_translation_thai: 0.0013666180549242071
  train_data_mixture_translation_vietnamese: 0.0012382847409104772
  train_data_mixture_vietnamese_madlad: 0.21133774630895935
  train_data_mixture_vietnamese_sft_pretrain: 0.0030635649471320706
  train_data_mixture_wikipedia_id_text: 0.0009290551917087171
  train_data_mixture_wikipedia_th_text: 0.0013036918607779884
  train_data_mixture_wikipedia_vi_text: 0.001488343155040168
valid:
  valid_data_mixture_en_redpajama: 1.0
  valid_data_mixture_id_wikipedia: 1.0
  valid_data_mixture_th_wikipedia: 1.0
  valid_data_mixture_vi_wikipedia: 1.0
  valid_data_mixture_all_test: 1.0
  valid_data_mixture_ms_cc100_all: 1.0
learning_rate: 8.681216775786634e-05
warmup_steps: 0
total_steps: 10000
decay_lr: false
global_batch_size: 128
model_name: tiny_LLaMA_mistral_120M
