train:
  train_data_mixture_en_redpajama: 0.31673713958806854
  train_data_mixture_cleaned_cc100_ind_dedup: 0.10000762233987105
  train_data_mixture_cleaned_cc100_lao_dedup: 0.0009447896510981993
  train_data_mixture_cleaned_cc100_ms_dedup: 0.00581697214096666
  train_data_mixture_cleaned_cc100_th_dedup: 0.010924102821828322
  train_data_mixture_cleaned_cc100_vi_dedup: 0.09731193847111451
  train_data_mixture_ebook_id_non_ocr: 0.0019768994898166944
  train_data_mixture_ebook_id_ocr: 0.00029760935000575046
  train_data_mixture_ebook_ms_non_ocr: 5.097367610484476e-05
  train_data_mixture_ebook_th_non_ocr: 0.00010061924267645867
  train_data_mixture_ebook_vi_non_ocr: 0.0003339021062810053
  train_data_mixture_indonesian_madlad: 0.09481567785232467
  train_data_mixture_malay_madlad: 0.013958109503481022
  train_data_mixture_subtitle_id: 0.0005495992864267802
  train_data_mixture_subtitle_th: 0.00047093199207720474
  train_data_mixture_subtitle_vi: 0.00018477090689532948
  train_data_mixture_thai_madlad: 0.06176832420455786
  train_data_mixture_translation_indonesian: 0.0018297941912649748
  train_data_mixture_translation_thai: 0.0007290108779280562
  train_data_mixture_translation_vietnamese: 0.0017915750761802597
  train_data_mixture_vietnamese_madlad: 0.28364082986724076
  train_data_mixture_vietnamese_sft_pretrain: 0.00244646806536625
  train_data_mixture_wikipedia_id_text: 0.0006123155591191243
  train_data_mixture_wikipedia_th_text: 0.001089957609051756
  train_data_mixture_wikipedia_vi_text: 0.0016100661302539097
valid:
  valid_data_mixture_en_redpajama: 1.0
  valid_data_mixture_id_wikipedia: 1.0
  valid_data_mixture_th_wikipedia: 1.0
  valid_data_mixture_vi_wikipedia: 1.0
learning_rate: 1.1182715405555885e-05
warmup_steps: 0
max_step: 6000
eval_step_interval: 100
save_step_interval: 3000
decay_lr: true
micro_batch_size: 16
global_batch_size: 128
model_name: tiny_LLaMA_mistral_120M
