train:
  train_data_mixture_en_redpajama: 0.20953391028097362
  train_data_mixture_cleaned_cc100_ind_dedup: 0.1454051725565922
  train_data_mixture_cleaned_cc100_lao_dedup: 0.0010109862770503676
  train_data_mixture_cleaned_cc100_ms_dedup: 0.005034768216053752
  train_data_mixture_cleaned_cc100_th_dedup: 0.009457440692343723
  train_data_mixture_cleaned_cc100_vi_dedup: 0.117930939984801
  train_data_mixture_ebook_id_non_ocr: 0.0042387704343665265
  train_data_mixture_ebook_id_ocr: 0.0005298547967613586
  train_data_mixture_ebook_ms_non_ocr: 0.00013827350650490568
  train_data_mixture_ebook_th_non_ocr: 0.000188918700512851
  train_data_mixture_ebook_vi_non_ocr: 0.0003469599370780141
  train_data_mixture_indonesian_madlad: 0.1293384574531621
  train_data_mixture_malay_madlad: 0.01158432889759192
  train_data_mixture_subtitle_id: 0.0009735116859238299
  train_data_mixture_subtitle_th: 0.00046967230953141485
  train_data_mixture_subtitle_vi: 0.00024756295186648234
  train_data_mixture_thai_madlad: 0.13760031606339904
  train_data_mixture_translation_indonesian: 0.0025164671200530483
  train_data_mixture_translation_thai: 0.0012670177026194954
  train_data_mixture_translation_vietnamese: 0.002126775423652014
  train_data_mixture_vietnamese_madlad: 0.21043233503178677
  train_data_mixture_vietnamese_sft_pretrain: 0.005402195249941335
  train_data_mixture_wikipedia_id_text: 0.000933212369680484
  train_data_mixture_wikipedia_th_text: 0.0010482147794440746
  train_data_mixture_wikipedia_vi_text: 0.0022439375783096602
valid:
  valid_data_mixture_en_redpajama: 1.0
  valid_data_mixture_id_wikipedia: 1.0
  valid_data_mixture_th_wikipedia: 1.0
  valid_data_mixture_vi_wikipedia: 1.0
learning_rate: 2.1069221219284242e-05
warmup_steps: 0
max_step: 2000
eval_step_interval: 100
save_step_interval: 3000
decay_lr: true
micro_batch_size: 16
global_batch_size: 128
model_name: tiny_LLaMA_mistral_120M
