train:
  train_data_mixture_en_redpajama: 0.27336495510772363
  train_data_mixture_cleaned_cc100_ind_dedup: 0.06027374236019216
  train_data_mixture_cleaned_cc100_lao_dedup: 0.0007553563537784248
  train_data_mixture_cleaned_cc100_ms_dedup: 0.004886546451003766
  train_data_mixture_cleaned_cc100_th_dedup: 0.009691282889782762
  train_data_mixture_cleaned_cc100_vi_dedup: 0.08811459817689547
  train_data_mixture_ebook_id_non_ocr: 0.004044444302017752
  train_data_mixture_ebook_id_ocr: 0.0005368614477389591
  train_data_mixture_ebook_ms_non_ocr: 7.839282654726679e-05
  train_data_mixture_ebook_th_non_ocr: 8.226336046733965e-05
  train_data_mixture_ebook_vi_non_ocr: 0.000518101621990918
  train_data_mixture_indonesian_madlad: 0.15022379869543634
  train_data_mixture_malay_madlad: 0.00787578760929645
  train_data_mixture_subtitle_id: 0.0008450208060442507
  train_data_mixture_subtitle_th: 0.0007536176690286869
  train_data_mixture_subtitle_vi: 0.00018470560680845886
  train_data_mixture_thai_madlad: 0.09470649127679168
  train_data_mixture_translation_indonesian: 0.0013794729408506657
  train_data_mixture_translation_thai: 0.0007246372664205063
  train_data_mixture_translation_vietnamese: 0.0011400105475228859
  train_data_mixture_vietnamese_madlad: 0.2946805371661517
  train_data_mixture_vietnamese_sft_pretrain: 0.0019818712043973567
  train_data_mixture_wikipedia_id_text: 0.0008943209849084913
  train_data_mixture_wikipedia_th_text: 0.0008141598138000388
  train_data_mixture_wikipedia_vi_text: 0.0014490235144039656
valid:
  valid_data_mixture_en_redpajama: 1.0
  valid_data_mixture_id_wikipedia: 1.0
  valid_data_mixture_th_wikipedia: 1.0
  valid_data_mixture_vi_wikipedia: 1.0
learning_rate: 4.964142486896121e-05
warmup_steps: 0
max_step: 7000
eval_step_interval: 100
save_step_interval: 3000
decay_lr: true
micro_batch_size: 16
global_batch_size: 128
model_name: tiny_LLaMA_mistral_120M
