train:
  train_data_mixture_en_redpajama: 0.17450491528980433
  train_data_mixture_cleaned_cc100_ind_dedup: 0.1102198575980065
  train_data_mixture_cleaned_cc100_lao_dedup: 0.0007216169217733748
  train_data_mixture_cleaned_cc100_ms_dedup: 0.0053963098598299305
  train_data_mixture_cleaned_cc100_th_dedup: 0.016287021404353633
  train_data_mixture_cleaned_cc100_vi_dedup: 0.07051761725990122
  train_data_mixture_ebook_id_non_ocr: 0.003316876756950739
  train_data_mixture_ebook_id_ocr: 0.0005742505430224996
  train_data_mixture_ebook_ms_non_ocr: 7.60659733998533e-05
  train_data_mixture_ebook_th_non_ocr: 9.381595590646322e-05
  train_data_mixture_ebook_vi_non_ocr: 0.00036964993644755193
  train_data_mixture_indonesian_madlad: 0.10255868172495095
  train_data_mixture_malay_madlad: 0.018004886548091462
  train_data_mixture_subtitle_id: 0.0009380779600442721
  train_data_mixture_subtitle_th: 0.0007661585774028201
  train_data_mixture_subtitle_vi: 0.00028098695331648326
  train_data_mixture_thai_madlad: 0.13059513896058364
  train_data_mixture_translation_indonesian: 0.0013385613481144327
  train_data_mixture_translation_thai: 0.0017606792731485689
  train_data_mixture_translation_vietnamese: 0.0016124055152112414
  train_data_mixture_vietnamese_madlad: 0.35183433962405636
  train_data_mixture_vietnamese_sft_pretrain: 0.005146357972795556
  train_data_mixture_wikipedia_id_text: 0.0010494056033596149
  train_data_mixture_wikipedia_th_text: 0.0007259964689288861
  train_data_mixture_wikipedia_vi_text: 0.0013103259705995877
valid:
  valid_data_mixture_en_redpajama: 1.0
  valid_data_mixture_id_wikipedia: 1.0
  valid_data_mixture_th_wikipedia: 1.0
  valid_data_mixture_vi_wikipedia: 1.0
learning_rate: 3.684553317807244e-05
warmup_steps: 0
max_step: 8000
eval_step_interval: 100
save_step_interval: 3000
decay_lr: true
micro_batch_size: 16
global_batch_size: 128
model_name: tiny_LLaMA_mistral_120M
