train:
  train_data_mixture_en_redpajama: 0.32516220215704295
  train_data_mixture_cleaned_cc100_ind_dedup: 0.09112249947227552
  train_data_mixture_cleaned_cc100_lao_dedup: 0.0010263021823418285
  train_data_mixture_cleaned_cc100_ms_dedup: 0.005951388430652834
  train_data_mixture_cleaned_cc100_th_dedup: 0.015392322801863647
  train_data_mixture_cleaned_cc100_vi_dedup: 0.0696124853583449
  train_data_mixture_ebook_id_non_ocr: 0.0038866539966372266
  train_data_mixture_ebook_id_ocr: 0.00039376827962956886
  train_data_mixture_ebook_ms_non_ocr: 8.565778997258631e-05
  train_data_mixture_ebook_th_non_ocr: 0.0001400501153267273
  train_data_mixture_ebook_vi_non_ocr: 0.0005173317836673163
  train_data_mixture_indonesian_madlad: 0.17491496325799494
  train_data_mixture_malay_madlad: 0.014585376799561293
  train_data_mixture_subtitle_id: 0.0006300897775111181
  train_data_mixture_subtitle_th: 0.0005813897722670498
  train_data_mixture_subtitle_vi: 0.00023103041197075256
  train_data_mixture_thai_madlad: 0.07448596747371218
  train_data_mixture_translation_indonesian: 0.0011021588998558459
  train_data_mixture_translation_thai: 0.0010611613325511872
  train_data_mixture_translation_vietnamese: 0.0011625008787860792
  train_data_mixture_vietnamese_madlad: 0.21183359915153957
  train_data_mixture_vietnamese_sft_pretrain: 0.002755982189680489
  train_data_mixture_wikipedia_id_text: 0.0006975179436437999
  train_data_mixture_wikipedia_th_text: 0.0005809090657960887
  train_data_mixture_wikipedia_vi_text: 0.0020866906773745787
valid:
  valid_data_mixture_en_redpajama: 1.0
  valid_data_mixture_id_wikipedia: 1.0
  valid_data_mixture_th_wikipedia: 1.0
  valid_data_mixture_vi_wikipedia: 1.0
learning_rate: 0.00012600995095396413
warmup_steps: 0
max_step: 6000
eval_step_interval: 100
save_step_interval: 3000
decay_lr: true
micro_batch_size: 16
global_batch_size: 128
model_name: tiny_LLaMA_mistral_120M
