train:
  train_data_mixture_en_redpajama: 0.28436220604249496
  train_data_mixture_cleaned_cc100_ind_dedup: 0.1348515018269017
  train_data_mixture_cleaned_cc100_lao_dedup: 0.0011813546999628298
  train_data_mixture_cleaned_cc100_ms_dedup: 0.0035109551834554926
  train_data_mixture_cleaned_cc100_th_dedup: 0.01340097402993577
  train_data_mixture_cleaned_cc100_vi_dedup: 0.08911822058194428
  train_data_mixture_ebook_id_non_ocr: 0.003005938172650971
  train_data_mixture_ebook_id_ocr: 0.0003589182553596325
  train_data_mixture_ebook_ms_non_ocr: 9.143451012217327e-05
  train_data_mixture_ebook_th_non_ocr: 0.00020775579576050649
  train_data_mixture_ebook_vi_non_ocr: 0.0004127437972268213
  train_data_mixture_indonesian_madlad: 0.15448137907194032
  train_data_mixture_malay_madlad: 0.01684876836865551
  train_data_mixture_subtitle_id: 0.0007252976930183706
  train_data_mixture_subtitle_th: 0.001031538653573234
  train_data_mixture_subtitle_vi: 0.0003210218376734091
  train_data_mixture_thai_madlad: 0.09109165832120085
  train_data_mixture_translation_indonesian: 0.0019283621910353413
  train_data_mixture_translation_thai: 0.0012185667033009636
  train_data_mixture_translation_vietnamese: 0.0013999646938617034
  train_data_mixture_vietnamese_madlad: 0.19229890157783766
  train_data_mixture_vietnamese_sft_pretrain: 0.004598153234596934
  train_data_mixture_wikipedia_id_text: 0.0013315213146849049
  train_data_mixture_wikipedia_th_text: 0.0007318792833199921
  train_data_mixture_wikipedia_vi_text: 0.0014909841594855484
valid:
  valid_data_mixture_en_redpajama: 1.0
  valid_data_mixture_id_wikipedia: 1.0
  valid_data_mixture_th_wikipedia: 1.0
  valid_data_mixture_vi_wikipedia: 1.0
learning_rate: 3.1743524774970716e-05
warmup_steps: 0
max_step: 7000
eval_step_interval: 100
save_step_interval: 3000
decay_lr: true
micro_batch_size: 16
global_batch_size: 128
model_name: tiny_LLaMA_mistral_120M
