train:
  train_data_mixture_en_redpajama: 0.23949907739074255
  train_data_mixture_cleaned_cc100_ind_dedup: 0.09893605167018488
  train_data_mixture_cleaned_cc100_lao_dedup: 0.0014770337339286008
  train_data_mixture_cleaned_cc100_ms_dedup: 0.0048004337644490256
  train_data_mixture_cleaned_cc100_th_dedup: 0.01539392689008467
  train_data_mixture_cleaned_cc100_vi_dedup: 0.12111440912979764
  train_data_mixture_ebook_id_non_ocr: 0.005208214159898826
  train_data_mixture_ebook_id_ocr: 0.0006266367688462429
  train_data_mixture_ebook_ms_non_ocr: 7.40687587237127e-05
  train_data_mixture_ebook_th_non_ocr: 0.00015319173461548238
  train_data_mixture_ebook_vi_non_ocr: 0.0005653751808404334
  train_data_mixture_indonesian_madlad: 0.11829831526372592
  train_data_mixture_malay_madlad: 0.014799756493634103
  train_data_mixture_subtitle_id: 0.0005915173500525734
  train_data_mixture_subtitle_th: 0.000575650036397566
  train_data_mixture_subtitle_vi: 0.00024932698479456384
  train_data_mixture_thai_madlad: 0.09307728130353893
  train_data_mixture_translation_indonesian: 0.002362203234268152
  train_data_mixture_translation_thai: 0.0019355996496417877
  train_data_mixture_translation_vietnamese: 0.0024325248097023895
  train_data_mixture_vietnamese_madlad: 0.26926152559609523
  train_data_mixture_vietnamese_sft_pretrain: 0.0035983140205854353
  train_data_mixture_wikipedia_id_text: 0.001053349318781708
  train_data_mixture_wikipedia_th_text: 0.001468124960113677
  train_data_mixture_wikipedia_vi_text: 0.0024480917965560636
valid:
  valid_data_mixture_en_redpajama: 1.0
  valid_data_mixture_id_wikipedia: 1.0
  valid_data_mixture_th_wikipedia: 1.0
  valid_data_mixture_vi_wikipedia: 1.0
learning_rate: 1.2980068042766096e-05
warmup_steps: 0
max_step: 3000
eval_step_interval: 100
save_step_interval: 3000
decay_lr: true
micro_batch_size: 16
global_batch_size: 128
model_name: tiny_LLaMA_mistral_120M
