train:
  train_data_mixture_en_redpajama: 0.25895959282971137
  train_data_mixture_cleaned_cc100_ind_dedup: 0.0790614817691754
  train_data_mixture_cleaned_cc100_lao_dedup: 0.0011137341903251783
  train_data_mixture_cleaned_cc100_ms_dedup: 0.006444158840852636
  train_data_mixture_cleaned_cc100_th_dedup: 0.013085172751494905
  train_data_mixture_cleaned_cc100_vi_dedup: 0.09827943720154814
  train_data_mixture_ebook_id_non_ocr: 0.004480593156889613
  train_data_mixture_ebook_id_ocr: 0.0003981738227505716
  train_data_mixture_ebook_ms_non_ocr: 0.00014479402100750618
  train_data_mixture_ebook_th_non_ocr: 0.00020875881854565514
  train_data_mixture_ebook_vi_non_ocr: 0.0005311488125346202
  train_data_mixture_indonesian_madlad: 0.11402209547383753
  train_data_mixture_malay_madlad: 0.016356511501513682
  train_data_mixture_subtitle_id: 0.0005281297303422938
  train_data_mixture_subtitle_th: 0.00046126821908342076
  train_data_mixture_subtitle_vi: 0.00018630722680970833
  train_data_mixture_thai_madlad: 0.10874755386468392
  train_data_mixture_translation_indonesian: 0.002467605478344214
  train_data_mixture_translation_thai: 0.0016893340630891366
  train_data_mixture_translation_vietnamese: 0.001991620341965037
  train_data_mixture_vietnamese_madlad: 0.28331729572158487
  train_data_mixture_vietnamese_sft_pretrain: 0.0036555853304525987
  train_data_mixture_wikipedia_id_text: 0.0011752152071518825
  train_data_mixture_wikipedia_th_text: 0.001564941443080116
  train_data_mixture_wikipedia_vi_text: 0.0011294901832260165
valid:
  valid_data_mixture_en_redpajama: 1.0
  valid_data_mixture_id_wikipedia: 1.0
  valid_data_mixture_th_wikipedia: 1.0
  valid_data_mixture_vi_wikipedia: 1.0
learning_rate: 9.707957657755917e-05
warmup_steps: 0
max_step: 2000
eval_step_interval: 100
save_step_interval: 3000
decay_lr: true
micro_batch_size: 16
global_batch_size: 128
model_name: tiny_LLaMA_mistral_120M
