train:
  train_data_mixture_en_redpajama: 0.28778690010237573
  train_data_mixture_cleaned_cc100_ind_dedup: 0.08418242598566004
  train_data_mixture_cleaned_cc100_lao_dedup: 0.0006422375131753289
  train_data_mixture_cleaned_cc100_ms_dedup: 0.005041057478011743
  train_data_mixture_cleaned_cc100_th_dedup: 0.009684086776412594
  train_data_mixture_cleaned_cc100_vi_dedup: 0.09130012729275373
  train_data_mixture_ebook_id_non_ocr: 0.0037603749721479268
  train_data_mixture_ebook_id_ocr: 0.00035617595297847984
  train_data_mixture_ebook_ms_non_ocr: 6.359594177108813e-05
  train_data_mixture_ebook_th_non_ocr: 0.00012136183317923594
  train_data_mixture_ebook_vi_non_ocr: 0.00047100070790200775
  train_data_mixture_indonesian_madlad: 0.0861695403073821
  train_data_mixture_malay_madlad: 0.011728804480814061
  train_data_mixture_subtitle_id: 0.0006628911941790909
  train_data_mixture_subtitle_th: 0.0006546037233100963
  train_data_mixture_subtitle_vi: 0.00012175026793643609
  train_data_mixture_thai_madlad: 0.09819384606728526
  train_data_mixture_translation_indonesian: 0.0018896762960970445
  train_data_mixture_translation_thai: 0.0007941978736841021
  train_data_mixture_translation_vietnamese: 0.000984230291195666
  train_data_mixture_vietnamese_madlad: 0.30991451971083583
  train_data_mixture_vietnamese_sft_pretrain: 0.0023196342229652193
  train_data_mixture_wikipedia_id_text: 0.001256359236213569
  train_data_mixture_wikipedia_th_text: 0.000835724407465482
  train_data_mixture_wikipedia_vi_text: 0.0010648773642681843
valid:
  valid_data_mixture_en_redpajama: 1.0
  valid_data_mixture_id_wikipedia: 1.0
  valid_data_mixture_th_wikipedia: 1.0
  valid_data_mixture_vi_wikipedia: 1.0
learning_rate: 0.00011696070952851471
warmup_steps: 0
max_step: 5000
eval_step_interval: 100
save_step_interval: 3000
decay_lr: true
micro_batch_size: 16
global_batch_size: 128
model_name: tiny_LLaMA_mistral_120M
