train:
  train_data_mixture_en_redpajama: 0.24980475064989044
  train_data_mixture_cleaned_cc100_ind_dedup: 0.08898647593395557
  train_data_mixture_cleaned_cc100_lao_dedup: 0.0006505889067366042
  train_data_mixture_cleaned_cc100_ms_dedup: 0.007774080339802956
  train_data_mixture_cleaned_cc100_th_dedup: 0.01694546750337772
  train_data_mixture_cleaned_cc100_vi_dedup: 0.10541533609581842
  train_data_mixture_ebook_id_non_ocr: 0.005558482393508235
  train_data_mixture_ebook_id_ocr: 0.0007237971956848475
  train_data_mixture_ebook_ms_non_ocr: 0.00012658646860233178
  train_data_mixture_ebook_th_non_ocr: 0.00022393735762414875
  train_data_mixture_ebook_vi_non_ocr: 0.00041451507018214033
  train_data_mixture_indonesian_madlad: 0.11833380059233403
  train_data_mixture_malay_madlad: 0.013333565425208742
  train_data_mixture_subtitle_id: 0.0005927228538376502
  train_data_mixture_subtitle_th: 0.000865505419848726
  train_data_mixture_subtitle_vi: 0.000356522376964537
  train_data_mixture_thai_madlad: 0.08093328801674163
  train_data_mixture_translation_indonesian: 0.0015204169683872934
  train_data_mixture_translation_thai: 0.0015719152247475501
  train_data_mixture_translation_vietnamese: 0.0025686763728333356
  train_data_mixture_vietnamese_madlad: 0.293792787016429
  train_data_mixture_vietnamese_sft_pretrain: 0.004794639320860396
  train_data_mixture_wikipedia_id_text: 0.0009487571936240372
  train_data_mixture_wikipedia_th_text: 0.0009250082271048176
  train_data_mixture_wikipedia_vi_text: 0.0028383770758948577
valid:
  valid_data_mixture_en_redpajama: 1.0
  valid_data_mixture_id_wikipedia: 1.0
  valid_data_mixture_th_wikipedia: 1.0
  valid_data_mixture_vi_wikipedia: 1.0
learning_rate: 4.439120827871383e-05
warmup_steps: 0
max_step: 10000
eval_step_interval: 100
save_step_interval: 3000
decay_lr: true
micro_batch_size: 16
global_batch_size: 128
model_name: tiny_LLaMA_mistral_120M
