train:
  train_data_mixture_en_redpajama: 0.3880191563597868
  train_data_mixture_cleaned_cc100_ind_dedup: 0.06080249625887647
  train_data_mixture_cleaned_cc100_lao_dedup: 0.00116888633106999
  train_data_mixture_cleaned_cc100_ms_dedup: 0.006033925716917582
  train_data_mixture_cleaned_cc100_th_dedup: 0.016105278831221613
  train_data_mixture_cleaned_cc100_vi_dedup: 0.08612700526816489
  train_data_mixture_ebook_id_non_ocr: 0.0036649162855738764
  train_data_mixture_ebook_id_ocr: 0.00047870104834572537
  train_data_mixture_ebook_ms_non_ocr: 0.00011154920374377516
  train_data_mixture_ebook_th_non_ocr: 0.00010224509759090246
  train_data_mixture_ebook_vi_non_ocr: 0.000280919538902514
  train_data_mixture_indonesian_madlad: 0.12062752885592881
  train_data_mixture_malay_madlad: 0.015796756322541055
  train_data_mixture_subtitle_id: 0.0005805624770732409
  train_data_mixture_subtitle_th: 0.0007986335007558063
  train_data_mixture_subtitle_vi: 0.0003019443763767093
  train_data_mixture_thai_madlad: 0.07186210854061208
  train_data_mixture_translation_indonesian: 0.002059787465052353
  train_data_mixture_translation_thai: 0.0012963243762747253
  train_data_mixture_translation_vietnamese: 0.002050046498136192
  train_data_mixture_vietnamese_madlad: 0.21218648113075186
  train_data_mixture_vietnamese_sft_pretrain: 0.004569206250997012
  train_data_mixture_wikipedia_id_text: 0.0015808610139671408
  train_data_mixture_wikipedia_th_text: 0.0014491776649582359
  train_data_mixture_wikipedia_vi_text: 0.001945501586380777
valid:
  valid_data_mixture_en_redpajama: 1.0
  valid_data_mixture_id_wikipedia: 1.0
  valid_data_mixture_th_wikipedia: 1.0
  valid_data_mixture_vi_wikipedia: 1.0
learning_rate: 4.276756676520305e-05
warmup_steps: 0
max_step: 4000
eval_step_interval: 100
save_step_interval: 3000
decay_lr: true
micro_batch_size: 16
global_batch_size: 128
model_name: tiny_LLaMA_mistral_120M
