train:
  train_data_mixture_en_redpajama: 0.27592525480727015
  train_data_mixture_cleaned_cc100_ind_dedup: 0.10794792022697017
  train_data_mixture_cleaned_cc100_lao_dedup: 0.0008936659779640257
  train_data_mixture_cleaned_cc100_ms_dedup: 0.0057844180794377675
  train_data_mixture_cleaned_cc100_th_dedup: 0.010153704714570047
  train_data_mixture_cleaned_cc100_vi_dedup: 0.09643329247987772
  train_data_mixture_ebook_id_non_ocr: 0.0021680702094372707
  train_data_mixture_ebook_id_ocr: 0.00043035419198940233
  train_data_mixture_ebook_ms_non_ocr: 5.119200630931863e-05
  train_data_mixture_ebook_th_non_ocr: 0.00010625383057589115
  train_data_mixture_ebook_vi_non_ocr: 0.00034596056888635727
  train_data_mixture_indonesian_madlad: 0.11243987844743049
  train_data_mixture_malay_madlad: 0.013504834141010495
  train_data_mixture_subtitle_id: 0.0005974682890343675
  train_data_mixture_subtitle_th: 0.0005786282721357811
  train_data_mixture_subtitle_vi: 0.00014916193467507947
  train_data_mixture_thai_madlad: 0.08229368480859124
  train_data_mixture_translation_indonesian: 0.0012174023887597592
  train_data_mixture_translation_thai: 0.000769102499496139
  train_data_mixture_translation_vietnamese: 0.0014752633936376848
  train_data_mixture_vietnamese_madlad: 0.27924795098946265
  train_data_mixture_vietnamese_sft_pretrain: 0.003731872391179341
  train_data_mixture_wikipedia_id_text: 0.0010392740889394755
  train_data_mixture_wikipedia_th_text: 0.0008312423820922906
  train_data_mixture_wikipedia_vi_text: 0.0018841488802669715
valid:
  valid_data_mixture_en_redpajama: 1.0
  valid_data_mixture_id_wikipedia: 1.0
  valid_data_mixture_th_wikipedia: 1.0
  valid_data_mixture_vi_wikipedia: 1.0
learning_rate: 3.824434872406297e-05
warmup_steps: 0
max_step: 6000
eval_step_interval: 100
save_step_interval: 3000
decay_lr: true
micro_batch_size: 16
global_batch_size: 128
model_name: tiny_LLaMA_mistral_120M
