train:
  train_data_mixture_en_redpajama: 0.28830102409377434
  train_data_mixture_cleaned_cc100_ind_dedup: 0.09940831692933304
  train_data_mixture_cleaned_cc100_lao_dedup: 0.0005349580114745929
  train_data_mixture_cleaned_cc100_ms_dedup: 0.004759717697193492
  train_data_mixture_cleaned_cc100_th_dedup: 0.011296993273479664
  train_data_mixture_cleaned_cc100_vi_dedup: 0.08247013316558922
  train_data_mixture_ebook_id_non_ocr: 0.0038678931316648694
  train_data_mixture_ebook_id_ocr: 0.0004980523696023366
  train_data_mixture_ebook_ms_non_ocr: 0.00010735078766708757
  train_data_mixture_ebook_th_non_ocr: 0.0001748233562301291
  train_data_mixture_ebook_vi_non_ocr: 0.0005652683285461988
  train_data_mixture_indonesian_madlad: 0.16809297968805867
  train_data_mixture_malay_madlad: 0.01859754290709247
  train_data_mixture_subtitle_id: 0.00047051035395615377
  train_data_mixture_subtitle_th: 0.0005328407808527822
  train_data_mixture_subtitle_vi: 0.00013354787410725248
  train_data_mixture_thai_madlad: 0.11949511389837289
  train_data_mixture_translation_indonesian: 0.002396082713987019
  train_data_mixture_translation_thai: 0.0010833229512926506
  train_data_mixture_translation_vietnamese: 0.0021334703415191556
  train_data_mixture_vietnamese_madlad: 0.18620603638910857
  train_data_mixture_vietnamese_sft_pretrain: 0.00535721568247782
  train_data_mixture_wikipedia_id_text: 0.0011011389427458712
  train_data_mixture_wikipedia_th_text: 0.0007311267001726398
  train_data_mixture_wikipedia_vi_text: 0.0016845396317011103
valid:
  valid_data_mixture_en_redpajama: 1.0
  valid_data_mixture_id_wikipedia: 1.0
  valid_data_mixture_th_wikipedia: 1.0
  valid_data_mixture_vi_wikipedia: 1.0
learning_rate: 1.5638283782556754e-05
warmup_steps: 0
max_step: 3000
eval_step_interval: 100
save_step_interval: 3000
decay_lr: true
micro_batch_size: 16
global_batch_size: 128
model_name: tiny_LLaMA_mistral_120M
