train:
  train_data_mixture_en_redpajama: 0.25173148073721613
  train_data_mixture_cleaned_cc100_ind_dedup: 0.09211735184986287
  train_data_mixture_cleaned_cc100_lao_dedup: 0.0008026021316843193
  train_data_mixture_cleaned_cc100_ms_dedup: 0.007455630187719346
  train_data_mixture_cleaned_cc100_th_dedup: 0.014182877760194198
  train_data_mixture_cleaned_cc100_vi_dedup: 0.08385574638181606
  train_data_mixture_ebook_id_non_ocr: 0.00435371388392226
  train_data_mixture_ebook_id_ocr: 0.0006261392118206038
  train_data_mixture_ebook_ms_non_ocr: 8.898148650268293e-05
  train_data_mixture_ebook_th_non_ocr: 0.00014779265767131305
  train_data_mixture_ebook_vi_non_ocr: 0.00034706214415426907
  train_data_mixture_indonesian_madlad: 0.11734222316933188
  train_data_mixture_malay_madlad: 0.01717596192229616
  train_data_mixture_subtitle_id: 0.0006278825788641611
  train_data_mixture_subtitle_th: 0.0007907185835168559
  train_data_mixture_subtitle_vi: 0.00028309696595844283
  train_data_mixture_thai_madlad: 0.0806440802319455
  train_data_mixture_translation_indonesian: 0.002108012228476711
  train_data_mixture_translation_thai: 0.0012080545286578526
  train_data_mixture_translation_vietnamese: 0.0023984533829355765
  train_data_mixture_vietnamese_madlad: 0.3120099738460983
  train_data_mixture_vietnamese_sft_pretrain: 0.005446781834036498
  train_data_mixture_wikipedia_id_text: 0.001430461373732963
  train_data_mixture_wikipedia_th_text: 0.0007498860725896437
  train_data_mixture_wikipedia_vi_text: 0.0020750348489953726
valid:
  valid_data_mixture_en_redpajama: 1.0
  valid_data_mixture_id_wikipedia: 1.0
  valid_data_mixture_th_wikipedia: 1.0
  valid_data_mixture_vi_wikipedia: 1.0
learning_rate: 0.00023741385130495105
warmup_steps: 0
max_step: 9000
eval_step_interval: 100
save_step_interval: 3000
decay_lr: true
micro_batch_size: 16
global_batch_size: 128
model_name: tiny_LLaMA_mistral_120M
