train:
  train_data_mixture_en_redpajama: 0.3334490215148825
  train_data_mixture_cleaned_cc100_ind_dedup: 0.09430270381318924
  train_data_mixture_cleaned_cc100_lao_dedup: 0.0009336823500148773
  train_data_mixture_cleaned_cc100_ms_dedup: 0.006149365659903702
  train_data_mixture_cleaned_cc100_th_dedup: 0.008434301457209263
  train_data_mixture_cleaned_cc100_vi_dedup: 0.05958055753735122
  train_data_mixture_ebook_id_non_ocr: 0.0034141625489491133
  train_data_mixture_ebook_id_ocr: 0.0003886448358880039
  train_data_mixture_ebook_ms_non_ocr: 0.00010843279400991707
  train_data_mixture_ebook_th_non_ocr: 0.0001642766766828424
  train_data_mixture_ebook_vi_non_ocr: 0.0003442759009757638
  train_data_mixture_indonesian_madlad: 0.09747941073152414
  train_data_mixture_malay_madlad: 0.014398059939383048
  train_data_mixture_subtitle_id: 0.0005414816306727983
  train_data_mixture_subtitle_th: 0.0007643566918826269
  train_data_mixture_subtitle_vi: 0.00017850695675045486
  train_data_mixture_thai_madlad: 0.10457072907949347
  train_data_mixture_translation_indonesian: 0.0010605566962200684
  train_data_mixture_translation_thai: 0.0012924259483398342
  train_data_mixture_translation_vietnamese: 0.0013189572284741733
  train_data_mixture_vietnamese_madlad: 0.2649934827953715
  train_data_mixture_vietnamese_sft_pretrain: 0.0025188343316475343
  train_data_mixture_wikipedia_id_text: 0.0012821798132763849
  train_data_mixture_wikipedia_th_text: 0.001194795816827863
  train_data_mixture_wikipedia_vi_text: 0.0011367972510798361
valid:
  valid_data_mixture_en_redpajama: 1.0
  valid_data_mixture_id_wikipedia: 1.0
  valid_data_mixture_th_wikipedia: 1.0
  valid_data_mixture_vi_wikipedia: 1.0
learning_rate: 6.942023125131096e-05
warmup_steps: 0
max_step: 9000
eval_step_interval: 100
save_step_interval: 3000
decay_lr: true
micro_batch_size: 16
global_batch_size: 128
model_name: tiny_LLaMA_mistral_120M
