train:
  train_data_mixture_en_redpajama: 0.20861847332783867
  train_data_mixture_cleaned_cc100_ind_dedup: 0.08463755620159912
  train_data_mixture_cleaned_cc100_lao_dedup: 0.0006567598588406537
  train_data_mixture_cleaned_cc100_ms_dedup: 0.004699212529268328
  train_data_mixture_cleaned_cc100_th_dedup: 0.007985908046931573
  train_data_mixture_cleaned_cc100_vi_dedup: 0.08882438290928908
  train_data_mixture_ebook_id_non_ocr: 0.0023180380378599492
  train_data_mixture_ebook_id_ocr: 0.0005865195264587778
  train_data_mixture_ebook_ms_non_ocr: 7.582462683763674e-05
  train_data_mixture_ebook_th_non_ocr: 0.00014515114500885623
  train_data_mixture_ebook_vi_non_ocr: 0.0005747973689580881
  train_data_mixture_indonesian_madlad: 0.15638449360291515
  train_data_mixture_malay_madlad: 0.013640071177761367
  train_data_mixture_subtitle_id: 0.0006415376377383094
  train_data_mixture_subtitle_th: 0.0005948999561444368
  train_data_mixture_subtitle_vi: 0.00024398108558904596
  train_data_mixture_thai_madlad: 0.14540985128811745
  train_data_mixture_translation_indonesian: 0.0020013739337819757
  train_data_mixture_translation_thai: 0.0013904010782750235
  train_data_mixture_translation_vietnamese: 0.0018365536513271087
  train_data_mixture_vietnamese_madlad: 0.27228368499794325
  train_data_mixture_vietnamese_sft_pretrain: 0.0025121895192501517
  train_data_mixture_wikipedia_id_text: 0.0012789329715817625
  train_data_mixture_wikipedia_th_text: 0.0014297082025952368
  train_data_mixture_wikipedia_vi_text: 0.0012296973180891838
valid:
  valid_data_mixture_en_redpajama: 1.0
  valid_data_mixture_id_wikipedia: 1.0
  valid_data_mixture_th_wikipedia: 1.0
  valid_data_mixture_vi_wikipedia: 1.0
learning_rate: 5.152602771881634e-05
warmup_steps: 0
max_step: 10000
eval_step_interval: 100
save_step_interval: 3000
decay_lr: true
micro_batch_size: 16
global_batch_size: 128
model_name: tiny_LLaMA_mistral_120M
