train:
  train_data_mixture_en_redpajama: 0.27936965272778463
  train_data_mixture_cleaned_cc100_ind_dedup: 0.06567733048534928
  train_data_mixture_cleaned_cc100_lao_dedup: 0.0007573555287218209
  train_data_mixture_cleaned_cc100_ms_dedup: 0.0031537986979025207
  train_data_mixture_cleaned_cc100_th_dedup: 0.010246685552781555
  train_data_mixture_cleaned_cc100_vi_dedup: 0.09233671351350464
  train_data_mixture_ebook_id_non_ocr: 0.002725574525699181
  train_data_mixture_ebook_id_ocr: 0.0004688484369521179
  train_data_mixture_ebook_ms_non_ocr: 0.00010433966851012728
  train_data_mixture_ebook_th_non_ocr: 0.00016529437829869678
  train_data_mixture_ebook_vi_non_ocr: 0.00030411421253525363
  train_data_mixture_indonesian_madlad: 0.11237901421150881
  train_data_mixture_malay_madlad: 0.008403559733459513
  train_data_mixture_subtitle_id: 0.0009113890860395626
  train_data_mixture_subtitle_th: 0.0008068638439554841
  train_data_mixture_subtitle_vi: 0.00019420135666644038
  train_data_mixture_thai_madlad: 0.11625644043923015
  train_data_mixture_translation_indonesian: 0.0015780705902008149
  train_data_mixture_translation_thai: 0.0012791228444136475
  train_data_mixture_translation_vietnamese: 0.000911653186085697
  train_data_mixture_vietnamese_madlad: 0.29541912606903176
  train_data_mixture_vietnamese_sft_pretrain: 0.0023839440945863416
  train_data_mixture_wikipedia_id_text: 0.0013453732449951366
  train_data_mixture_wikipedia_th_text: 0.001123501840541639
  train_data_mixture_wikipedia_vi_text: 0.001698031731245162
valid:
  valid_data_mixture_en_redpajama: 1.0
  valid_data_mixture_id_wikipedia: 1.0
  valid_data_mixture_th_wikipedia: 1.0
  valid_data_mixture_vi_wikipedia: 1.0
learning_rate: 0.00015757938001927175
warmup_steps: 0
max_step: 6000
eval_step_interval: 100
save_step_interval: 3000
decay_lr: true
micro_batch_size: 16
global_batch_size: 128
model_name: tiny_LLaMA_mistral_120M
