train:
  train_data_mixture_en_redpajama: 0.19281616937328105
  train_data_mixture_cleaned_cc100_ind_dedup: 0.09195251280988388
  train_data_mixture_cleaned_cc100_lao_dedup: 0.0007543827834238919
  train_data_mixture_cleaned_cc100_ms_dedup: 0.005227690549617637
  train_data_mixture_cleaned_cc100_th_dedup: 0.009039487448561518
  train_data_mixture_cleaned_cc100_vi_dedup: 0.13074455298298052
  train_data_mixture_ebook_id_non_ocr: 0.0040931154084427246
  train_data_mixture_ebook_id_ocr: 0.0004421691147123548
  train_data_mixture_ebook_ms_non_ocr: 9.789667935971966e-05
  train_data_mixture_ebook_th_non_ocr: 0.00014916386895046614
  train_data_mixture_ebook_vi_non_ocr: 0.0005273516193918931
  train_data_mixture_indonesian_madlad: 0.15645395816692467
  train_data_mixture_malay_madlad: 0.01965313582917612
  train_data_mixture_subtitle_id: 0.000824528972585658
  train_data_mixture_subtitle_th: 0.0010596721522645007
  train_data_mixture_subtitle_vi: 0.00030478992789182764
  train_data_mixture_thai_madlad: 0.08848686185434435
  train_data_mixture_translation_indonesian: 0.0026380036609906497
  train_data_mixture_translation_thai: 0.0010199411982730537
  train_data_mixture_translation_vietnamese: 0.002152850834760811
  train_data_mixture_vietnamese_madlad: 0.28051691024368314
  train_data_mixture_vietnamese_sft_pretrain: 0.005589949482514812
  train_data_mixture_wikipedia_id_text: 0.0017461385773105723
  train_data_mixture_wikipedia_th_text: 0.0014424901882771476
  train_data_mixture_wikipedia_vi_text: 0.0022662762723970977
valid:
  valid_data_mixture_en_redpajama: 1.0
  valid_data_mixture_id_wikipedia: 1.0
  valid_data_mixture_th_wikipedia: 1.0
  valid_data_mixture_vi_wikipedia: 1.0
learning_rate: 0.0001045906162204624
warmup_steps: 0
max_step: 8000
eval_step_interval: 100
save_step_interval: 3000
decay_lr: true
micro_batch_size: 16
global_batch_size: 128
model_name: tiny_LLaMA_mistral_120M
