train:
  train_data_mixture_en_redpajama: 0.40311431994454683
  train_data_mixture_cleaned_cc100_ind_dedup: 0.09890228406591955
  train_data_mixture_cleaned_cc100_lao_dedup: 0.0007573681544556109
  train_data_mixture_cleaned_cc100_ms_dedup: 0.0056662518166135665
  train_data_mixture_cleaned_cc100_th_dedup: 0.012296381919155745
  train_data_mixture_cleaned_cc100_vi_dedup: 0.06352528814088208
  train_data_mixture_ebook_id_non_ocr: 0.0041825276615324505
  train_data_mixture_ebook_id_ocr: 0.000387648503516016
  train_data_mixture_ebook_ms_non_ocr: 0.00011197604523407583
  train_data_mixture_ebook_th_non_ocr: 0.00016711293918147683
  train_data_mixture_ebook_vi_non_ocr: 0.00033737859109841993
  train_data_mixture_indonesian_madlad: 0.09607149093288182
  train_data_mixture_malay_madlad: 0.017262541904006425
  train_data_mixture_subtitle_id: 0.0007662836749795707
  train_data_mixture_subtitle_th: 0.0004708765088760016
  train_data_mixture_subtitle_vi: 0.00031811183994325817
  train_data_mixture_thai_madlad: 0.0714330125041425
  train_data_mixture_translation_indonesian: 0.0021727730316693054
  train_data_mixture_translation_thai: 0.0019550859760152383
  train_data_mixture_translation_vietnamese: 0.0013014256224408312
  train_data_mixture_vietnamese_madlad: 0.2120562237088153
  train_data_mixture_vietnamese_sft_pretrain: 0.002866117813985706
  train_data_mixture_wikipedia_id_text: 0.0010888059028096844
  train_data_mixture_wikipedia_th_text: 0.0007557892169785655
  train_data_mixture_wikipedia_vi_text: 0.0020329235803200393
valid:
  valid_data_mixture_en_redpajama: 1.0
  valid_data_mixture_id_wikipedia: 1.0
  valid_data_mixture_th_wikipedia: 1.0
  valid_data_mixture_vi_wikipedia: 1.0
learning_rate: 5.762009039583071e-05
warmup_steps: 0
max_step: 2000
eval_step_interval: 100
save_step_interval: 3000
decay_lr: true
micro_batch_size: 16
global_batch_size: 128
model_name: tiny_LLaMA_mistral_120M
