train:
  train_data_mixture_en_redpajama: 0.20396954100504183
  train_data_mixture_cleaned_cc100_ind_dedup: 0.11319216529437781
  train_data_mixture_cleaned_cc100_lao_dedup: 0.0007615217042996175
  train_data_mixture_cleaned_cc100_ms_dedup: 0.007146081241689162
  train_data_mixture_cleaned_cc100_th_dedup: 0.008616927543989216
  train_data_mixture_cleaned_cc100_vi_dedup: 0.0760780546410634
  train_data_mixture_ebook_id_non_ocr: 0.0024388222474003214
  train_data_mixture_ebook_id_ocr: 0.0006311671478945514
  train_data_mixture_ebook_ms_non_ocr: 0.00012496216045123729
  train_data_mixture_ebook_th_non_ocr: 0.00011298485907175137
  train_data_mixture_ebook_vi_non_ocr: 0.0004953115054315898
  train_data_mixture_indonesian_madlad: 0.17429393120508788
  train_data_mixture_malay_madlad: 0.013824191036340434
  train_data_mixture_subtitle_id: 0.0007612589985565599
  train_data_mixture_subtitle_th: 0.000542774999638489
  train_data_mixture_subtitle_vi: 0.00014436549039274156
  train_data_mixture_thai_madlad: 0.1368110755572367
  train_data_mixture_translation_indonesian: 0.0023307467897441415
  train_data_mixture_translation_thai: 0.0014649285074038168
  train_data_mixture_translation_vietnamese: 0.0013457021350469184
  train_data_mixture_vietnamese_madlad: 0.2453637934537444
  train_data_mixture_vietnamese_sft_pretrain: 0.004559555497507698
  train_data_mixture_wikipedia_id_text: 0.001599176882595112
  train_data_mixture_wikipedia_th_text: 0.0013654775399956696
  train_data_mixture_wikipedia_vi_text: 0.00202548255599879
valid:
  valid_data_mixture_en_redpajama: 1.0
  valid_data_mixture_id_wikipedia: 1.0
  valid_data_mixture_th_wikipedia: 1.0
  valid_data_mixture_vi_wikipedia: 1.0
learning_rate: 1.8840881177049814e-05
warmup_steps: 0
max_step: 3000
eval_step_interval: 100
save_step_interval: 3000
decay_lr: true
micro_batch_size: 16
global_batch_size: 128
model_name: tiny_LLaMA_mistral_120M
