train:
  train_data_mixture_en_redpajama: 0.2601109171560166
  train_data_mixture_cleaned_cc100_ind_dedup: 0.0695374567878842
  train_data_mixture_cleaned_cc100_lao_dedup: 0.0004682483082592705
  train_data_mixture_cleaned_cc100_ms_dedup: 0.0038513572927954876
  train_data_mixture_cleaned_cc100_th_dedup: 0.015367823025111865
  train_data_mixture_cleaned_cc100_vi_dedup: 0.09922015480162269
  train_data_mixture_ebook_id_non_ocr: 0.004428423994078205
  train_data_mixture_ebook_id_ocr: 0.00042786617602127053
  train_data_mixture_ebook_ms_non_ocr: 6.0547345310606404e-05
  train_data_mixture_ebook_th_non_ocr: 0.00013343676348772588
  train_data_mixture_ebook_vi_non_ocr: 0.00038802194365534495
  train_data_mixture_indonesian_madlad: 0.16261731324629183
  train_data_mixture_malay_madlad: 0.008238156348928199
  train_data_mixture_subtitle_id: 0.0006755784154266596
  train_data_mixture_subtitle_th: 0.00045171896281340706
  train_data_mixture_subtitle_vi: 0.00016876791748479328
  train_data_mixture_thai_madlad: 0.11329624302507217
  train_data_mixture_translation_indonesian: 0.0015879159671802273
  train_data_mixture_translation_thai: 0.001093672236008012
  train_data_mixture_translation_vietnamese: 0.0012970164136308813
  train_data_mixture_vietnamese_madlad: 0.24759748481614197
  train_data_mixture_vietnamese_sft_pretrain: 0.004349023413222662
  train_data_mixture_wikipedia_id_text: 0.00146217339594428
  train_data_mixture_wikipedia_th_text: 0.0013045240048819092
  train_data_mixture_wikipedia_vi_text: 0.0018661582427297516
valid:
  valid_data_mixture_en_redpajama: 1.0
  valid_data_mixture_id_wikipedia: 1.0
  valid_data_mixture_th_wikipedia: 1.0
  valid_data_mixture_vi_wikipedia: 1.0
learning_rate: 3.4199518933533964e-05
warmup_steps: 0
max_step: 5000
eval_step_interval: 100
save_step_interval: 3000
decay_lr: true
micro_batch_size: 16
global_batch_size: 128
model_name: tiny_LLaMA_mistral_120M
