train:
  train_data_mixture_en_redpajama: 0.25534691580365193
  train_data_mixture_cleaned_cc100_ind_dedup: 0.12270568333120974
  train_data_mixture_cleaned_cc100_lao_dedup: 0.0008641481644906499
  train_data_mixture_cleaned_cc100_ms_dedup: 0.004623171934241448
  train_data_mixture_cleaned_cc100_th_dedup: 0.01677655994734204
  train_data_mixture_cleaned_cc100_vi_dedup: 0.05971223483008091
  train_data_mixture_ebook_id_non_ocr: 0.005067252567835248
  train_data_mixture_ebook_id_ocr: 0.0004959276464698884
  train_data_mixture_ebook_ms_non_ocr: 0.00011570014404824671
  train_data_mixture_ebook_th_non_ocr: 0.00017159273400952412
  train_data_mixture_ebook_vi_non_ocr: 0.0006277043847721115
  train_data_mixture_indonesian_madlad: 0.1675014882186767
  train_data_mixture_malay_madlad: 0.015690962119481112
  train_data_mixture_subtitle_id: 0.0005276817237597599
  train_data_mixture_subtitle_th: 0.0007539208847237356
  train_data_mixture_subtitle_vi: 0.00016741751352178212
  train_data_mixture_thai_madlad: 0.13418450390685552
  train_data_mixture_translation_indonesian: 0.00193611346545973
  train_data_mixture_translation_thai: 0.0016453623663600693
  train_data_mixture_translation_vietnamese: 0.0010625488835159448
  train_data_mixture_vietnamese_madlad: 0.20239613772762138
  train_data_mixture_vietnamese_sft_pretrain: 0.004920088453431358
  train_data_mixture_wikipedia_id_text: 0.000866930261563254
  train_data_mixture_wikipedia_th_text: 0.0007440221302124819
  train_data_mixture_wikipedia_vi_text: 0.0010959308566653718
valid:
  valid_data_mixture_en_redpajama: 1.0
  valid_data_mixture_id_wikipedia: 1.0
  valid_data_mixture_th_wikipedia: 1.0
  valid_data_mixture_vi_wikipedia: 1.0
learning_rate: 0.0002557825433799634
warmup_steps: 0
max_step: 4000
eval_step_interval: 100
save_step_interval: 3000
decay_lr: true
micro_batch_size: 16
global_batch_size: 128
model_name: tiny_LLaMA_mistral_120M
