train:
  train_data_mixture_en_redpajama: 0.338252776615422
  train_data_mixture_cleaned_cc100_ind_dedup: 0.10496490929596072
  train_data_mixture_cleaned_cc100_lao_dedup: 0.0006639127049654908
  train_data_mixture_cleaned_cc100_ms_dedup: 0.003982813303149137
  train_data_mixture_cleaned_cc100_th_dedup: 0.009590978089175202
  train_data_mixture_cleaned_cc100_vi_dedup: 0.09549771239375204
  train_data_mixture_ebook_id_non_ocr: 0.003580846968450978
  train_data_mixture_ebook_id_ocr: 0.0003166102918431895
  train_data_mixture_ebook_ms_non_ocr: 6.374370804020237e-05
  train_data_mixture_ebook_th_non_ocr: 8.542733671987829e-05
  train_data_mixture_ebook_vi_non_ocr: 0.00044503086113022806
  train_data_mixture_indonesian_madlad: 0.15128574884384377
  train_data_mixture_malay_madlad: 0.009657436618334236
  train_data_mixture_subtitle_id: 0.00041198175551397095
  train_data_mixture_subtitle_th: 0.0004090715987775988
  train_data_mixture_subtitle_vi: 0.0002642312742953368
  train_data_mixture_thai_madlad: 0.0779983533054034
  train_data_mixture_translation_indonesian: 0.001927242058416831
  train_data_mixture_translation_thai: 0.001307893502925808
  train_data_mixture_translation_vietnamese: 0.0012564523346708504
  train_data_mixture_vietnamese_madlad: 0.19162816463652652
  train_data_mixture_vietnamese_sft_pretrain: 0.00241809602990975
  train_data_mixture_wikipedia_id_text: 0.0011904856795706973
  train_data_mixture_wikipedia_th_text: 0.0011423312552308652
  train_data_mixture_wikipedia_vi_text: 0.0016577495379711048
valid:
  valid_data_mixture_en_redpajama: 1.0
  valid_data_mixture_id_wikipedia: 1.0
  valid_data_mixture_th_wikipedia: 1.0
  valid_data_mixture_vi_wikipedia: 1.0
learning_rate: 2.6347719303824183e-05
warmup_steps: 0
max_step: 1000
eval_step_interval: 100
save_step_interval: 3000
decay_lr: true
micro_batch_size: 16
global_batch_size: 128
model_name: tiny_LLaMA_mistral_120M
