train:
  train_data_mixture_en_redpajama: 0.3035924882168297
  train_data_mixture_cleaned_cc100_ind_dedup: 0.06685393650120643
  train_data_mixture_cleaned_cc100_lao_dedup: 0.0012371632765233662
  train_data_mixture_cleaned_cc100_ms_dedup: 0.007051005594068512
  train_data_mixture_cleaned_cc100_th_dedup: 0.010880313998838077
  train_data_mixture_cleaned_cc100_vi_dedup: 0.1296296324817618
  train_data_mixture_ebook_id_non_ocr: 0.004103242419812468
  train_data_mixture_ebook_id_ocr: 0.0005396453363727939
  train_data_mixture_ebook_ms_non_ocr: 0.00012362059375473926
  train_data_mixture_ebook_th_non_ocr: 0.00018813053133850307
  train_data_mixture_ebook_vi_non_ocr: 0.0005309513712925609
  train_data_mixture_indonesian_madlad: 0.10494239278905028
  train_data_mixture_malay_madlad: 0.012386695224269096
  train_data_mixture_subtitle_id: 0.0010727833977984616
  train_data_mixture_subtitle_th: 0.0005731437978637741
  train_data_mixture_subtitle_vi: 0.00020648940653044634
  train_data_mixture_thai_madlad: 0.10550520641010701
  train_data_mixture_translation_indonesian: 0.0018050460356382981
  train_data_mixture_translation_thai: 0.001551302149927244
  train_data_mixture_translation_vietnamese: 0.0022482416615920795
  train_data_mixture_vietnamese_madlad: 0.23764371954181746
  train_data_mixture_vietnamese_sft_pretrain: 0.0028931747454156312
  train_data_mixture_wikipedia_id_text: 0.0009885460866286956
  train_data_mixture_wikipedia_th_text: 0.0014672330712922448
  train_data_mixture_wikipedia_vi_text: 0.0019858953602703185
valid:
  valid_data_mixture_en_redpajama: 1.0
  valid_data_mixture_id_wikipedia: 1.0
  valid_data_mixture_th_wikipedia: 1.0
  valid_data_mixture_vi_wikipedia: 1.0
learning_rate: 0.0002203642830610181
warmup_steps: 0
max_step: 4000
eval_step_interval: 100
save_step_interval: 3000
decay_lr: true
micro_batch_size: 16
global_batch_size: 128
model_name: tiny_LLaMA_mistral_120M
