train:
  train_data_mixture_en_redpajama: 0.2183954532861594
  train_data_mixture_cleaned_cc100_ind_dedup: 0.11753032942675685
  train_data_mixture_cleaned_cc100_lao_dedup: 0.0010313829633213202
  train_data_mixture_cleaned_cc100_ms_dedup: 0.0064624465684777685
  train_data_mixture_cleaned_cc100_th_dedup: 0.015481491874053016
  train_data_mixture_cleaned_cc100_vi_dedup: 0.06677012198372453
  train_data_mixture_ebook_id_non_ocr: 0.004061453468611129
  train_data_mixture_ebook_id_ocr: 0.00043590288533300493
  train_data_mixture_ebook_ms_non_ocr: 0.00011680053333172479
  train_data_mixture_ebook_th_non_ocr: 0.00015834531412083481
  train_data_mixture_ebook_vi_non_ocr: 0.0005123276951656294
  train_data_mixture_indonesian_madlad: 0.14941312768926246
  train_data_mixture_malay_madlad: 0.009385225555950661
  train_data_mixture_subtitle_id: 0.0007360742024056979
  train_data_mixture_subtitle_th: 0.0009069668142361045
  train_data_mixture_subtitle_vi: 0.00027605753638531135
  train_data_mixture_thai_madlad: 0.06294204557439267
  train_data_mixture_translation_indonesian: 0.001234343620438608
  train_data_mixture_translation_thai: 0.0008922759019837678
  train_data_mixture_translation_vietnamese: 0.0017425746283870184
  train_data_mixture_vietnamese_madlad: 0.3343630901405921
  train_data_mixture_vietnamese_sft_pretrain: 0.002843857239751005
  train_data_mixture_wikipedia_id_text: 0.0011649687909593997
  train_data_mixture_wikipedia_th_text: 0.0012676630186032665
  train_data_mixture_wikipedia_vi_text: 0.0018756732875966024
valid:
  valid_data_mixture_en_redpajama: 1.0
  valid_data_mixture_id_wikipedia: 1.0
  valid_data_mixture_th_wikipedia: 1.0
  valid_data_mixture_vi_wikipedia: 1.0
learning_rate: 6.207815251814514e-05
warmup_steps: 0
max_step: 10000
eval_step_interval: 100
save_step_interval: 3000
decay_lr: true
micro_batch_size: 16
global_batch_size: 128
model_name: tiny_LLaMA_mistral_120M
