train:
  train_data_mixture_en_redpajama: 0.2712739726748742
  train_data_mixture_cleaned_cc100_ind_dedup: 0.10016900385714438
  train_data_mixture_cleaned_cc100_lao_dedup: 0.0008019970065710608
  train_data_mixture_cleaned_cc100_ms_dedup: 0.004222223653690378
  train_data_mixture_cleaned_cc100_th_dedup: 0.012146511878958287
  train_data_mixture_cleaned_cc100_vi_dedup: 0.09545070612636238
  train_data_mixture_ebook_id_non_ocr: 0.0043619509304772125
  train_data_mixture_ebook_id_ocr: 0.00049705937289778
  train_data_mixture_ebook_ms_non_ocr: 0.0001103937600624162
  train_data_mixture_ebook_th_non_ocr: 9.705215371147767e-05
  train_data_mixture_ebook_vi_non_ocr: 0.0004049048428866741
  train_data_mixture_indonesian_madlad: 0.0803392749591274
  train_data_mixture_malay_madlad: 0.010042974794193318
  train_data_mixture_subtitle_id: 0.0008356183425658519
  train_data_mixture_subtitle_th: 0.0009068142472488009
  train_data_mixture_subtitle_vi: 0.00013833319030678713
  train_data_mixture_thai_madlad: 0.09098657135393394
  train_data_mixture_translation_indonesian: 0.00208255961834853
  train_data_mixture_translation_thai: 0.0009613282846063992
  train_data_mixture_translation_vietnamese: 0.001534237857629032
  train_data_mixture_vietnamese_madlad: 0.3149464639729618
  train_data_mixture_vietnamese_sft_pretrain: 0.004014578882163986
  train_data_mixture_wikipedia_id_text: 0.0008664287474760411
  train_data_mixture_wikipedia_th_text: 0.0008771443775063846
  train_data_mixture_wikipedia_vi_text: 0.001931895114295544
valid:
  valid_data_mixture_en_redpajama: 1.0
  valid_data_mixture_id_wikipedia: 1.0
  valid_data_mixture_th_wikipedia: 1.0
  valid_data_mixture_vi_wikipedia: 1.0
learning_rate: 0.0001970579372444147
warmup_steps: 0
max_step: 2000
eval_step_interval: 100
save_step_interval: 3000
decay_lr: true
micro_batch_size: 16
global_batch_size: 128
model_name: tiny_LLaMA_mistral_120M
