train:
  train_data_mixture_en_redpajama: 0.2595231657365794
  train_data_mixture_cleaned_cc100_ind_dedup: 0.053499794539186706
  train_data_mixture_cleaned_cc100_lao_dedup: 0.0009128232245085373
  train_data_mixture_cleaned_cc100_ms_dedup: 0.003000310563326731
  train_data_mixture_cleaned_cc100_th_dedup: 0.013095741219985437
  train_data_mixture_cleaned_cc100_vi_dedup: 0.0598916542188233
  train_data_mixture_ebook_id_non_ocr: 0.0043505045254570085
  train_data_mixture_ebook_id_ocr: 0.000379952896000894
  train_data_mixture_ebook_ms_non_ocr: 7.45745216534538e-05
  train_data_mixture_ebook_th_non_ocr: 9.086411994247632e-05
  train_data_mixture_ebook_vi_non_ocr: 0.0003344007821665406
  train_data_mixture_indonesian_madlad: 0.1631353062863971
  train_data_mixture_malay_madlad: 0.016679834460950657
  train_data_mixture_subtitle_id: 0.0005999361327235633
  train_data_mixture_subtitle_th: 0.0005914974973361108
  train_data_mixture_subtitle_vi: 0.00022730739530513465
  train_data_mixture_thai_madlad: 0.12254849677338386
  train_data_mixture_translation_indonesian: 0.0017103832246609869
  train_data_mixture_translation_thai: 0.0010903101008938345
  train_data_mixture_translation_vietnamese: 0.001295536370073753
  train_data_mixture_vietnamese_madlad: 0.29099499352874875
  train_data_mixture_vietnamese_sft_pretrain: 0.0020983212701192423
  train_data_mixture_wikipedia_id_text: 0.0011991296678660536
  train_data_mixture_wikipedia_th_text: 0.0008315165665299207
  train_data_mixture_wikipedia_vi_text: 0.001843644377380482
valid:
  valid_data_mixture_en_redpajama: 1.0
  valid_data_mixture_id_wikipedia: 1.0
  valid_data_mixture_th_wikipedia: 1.0
  valid_data_mixture_vi_wikipedia: 1.0
learning_rate: 0.00035769487597016856
warmup_steps: 0
max_step: 2000
eval_step_interval: 100
save_step_interval: 3000
decay_lr: true
micro_batch_size: 16
global_batch_size: 128
model_name: tiny_LLaMA_mistral_120M
