train:
  train_data_mixture_en_redpajama: 0.2263059929135266
  train_data_mixture_cleaned_cc100_ind_dedup: 0.09324737340314003
  train_data_mixture_cleaned_cc100_lao_dedup: 0.0011046004407426367
  train_data_mixture_cleaned_cc100_ms_dedup: 0.007697727693225649
  train_data_mixture_cleaned_cc100_th_dedup: 0.020759716120933476
  train_data_mixture_cleaned_cc100_vi_dedup: 0.14352958091717738
  train_data_mixture_ebook_id_non_ocr: 0.004810237080148936
  train_data_mixture_ebook_id_ocr: 0.0005398557391689217
  train_data_mixture_ebook_ms_non_ocr: 0.0001301784274759448
  train_data_mixture_ebook_th_non_ocr: 0.00021052195201055906
  train_data_mixture_ebook_vi_non_ocr: 0.00037305420513560864
  train_data_mixture_indonesian_madlad: 0.15775890746385815
  train_data_mixture_malay_madlad: 0.02059327071460233
  train_data_mixture_subtitle_id: 0.000824916397737371
  train_data_mixture_subtitle_th: 0.000884671726269986
  train_data_mixture_subtitle_vi: 0.0002801456869335777
  train_data_mixture_thai_madlad: 0.09492024677005978
  train_data_mixture_translation_indonesian: 0.001920957153416379
  train_data_mixture_translation_thai: 0.001404805790248042
  train_data_mixture_translation_vietnamese: 0.0011730075246574202
  train_data_mixture_vietnamese_madlad: 0.21134809701478655
  train_data_mixture_vietnamese_sft_pretrain: 0.005975748523428048
  train_data_mixture_wikipedia_id_text: 0.0012147847866770904
  train_data_mixture_wikipedia_th_text: 0.0012935374433523663
  train_data_mixture_wikipedia_vi_text: 0.0016980641112870887
valid:
  valid_data_mixture_en_redpajama: 1.0
  valid_data_mixture_id_wikipedia: 1.0
  valid_data_mixture_th_wikipedia: 1.0
  valid_data_mixture_vi_wikipedia: 1.0
learning_rate: 2.1869099837976326e-05
warmup_steps: 0
max_step: 2000
eval_step_interval: 100
save_step_interval: 3000
decay_lr: true
micro_batch_size: 16
global_batch_size: 128
model_name: tiny_LLaMA_mistral_120M
