train:
  train_data_mixture_en_redpajama: 0.33079449206519657
  train_data_mixture_cleaned_cc100_ind_dedup: 0.07030171585637592
  train_data_mixture_cleaned_cc100_lao_dedup: 0.000700736106573175
  train_data_mixture_cleaned_cc100_ms_dedup: 0.006095995101353621
  train_data_mixture_cleaned_cc100_th_dedup: 0.013704861945040512
  train_data_mixture_cleaned_cc100_vi_dedup: 0.057877136235455956
  train_data_mixture_ebook_id_non_ocr: 0.0038884696569614022
  train_data_mixture_ebook_id_ocr: 0.00040375604023853377
  train_data_mixture_ebook_ms_non_ocr: 8.395148926522448e-05
  train_data_mixture_ebook_th_non_ocr: 8.781272808623465e-05
  train_data_mixture_ebook_vi_non_ocr: 0.0002587216844235514
  train_data_mixture_indonesian_madlad: 0.14574181863183164
  train_data_mixture_malay_madlad: 0.01170622948040248
  train_data_mixture_subtitle_id: 0.0006260557771348652
  train_data_mixture_subtitle_th: 0.0007179035719253182
  train_data_mixture_subtitle_vi: 0.00023010094739414264
  train_data_mixture_thai_madlad: 0.06693706552598355
  train_data_mixture_translation_indonesian: 0.0017032869645622352
  train_data_mixture_translation_thai: 0.0008314866483379543
  train_data_mixture_translation_vietnamese: 0.0016450317340420463
  train_data_mixture_vietnamese_madlad: 0.2784749435027095
  train_data_mixture_vietnamese_sft_pretrain: 0.004674773205554774
  train_data_mixture_wikipedia_id_text: 0.0007050361137599411
  train_data_mixture_wikipedia_th_text: 0.0005968866020460885
  train_data_mixture_wikipedia_vi_text: 0.0012117323853447007
valid:
  valid_data_mixture_en_redpajama: 1.0
  valid_data_mixture_id_wikipedia: 1.0
  valid_data_mixture_th_wikipedia: 1.0
  valid_data_mixture_vi_wikipedia: 1.0
learning_rate: 3.058248170792461e-05
warmup_steps: 0
max_step: 9000
eval_step_interval: 100
save_step_interval: 3000
decay_lr: true
micro_batch_size: 16
global_batch_size: 128
model_name: tiny_LLaMA_mistral_120M
