train:
  train_data_mixture_en_redpajama: 0.22634742845832864
  train_data_mixture_cleaned_cc100_ind_dedup: 0.1181242052210883
  train_data_mixture_cleaned_cc100_lao_dedup: 0.0011777679000596264
  train_data_mixture_cleaned_cc100_ms_dedup: 0.004330263521304913
  train_data_mixture_cleaned_cc100_th_dedup: 0.013843953659247865
  train_data_mixture_cleaned_cc100_vi_dedup: 0.06713152174358461
  train_data_mixture_ebook_id_non_ocr: 0.003772516312798911
  train_data_mixture_ebook_id_ocr: 0.00046458881229752513
  train_data_mixture_ebook_ms_non_ocr: 0.00013427652156034365
  train_data_mixture_ebook_th_non_ocr: 0.00015463878214633014
  train_data_mixture_ebook_vi_non_ocr: 0.0003922176751576005
  train_data_mixture_indonesian_madlad: 0.09758403463587194
  train_data_mixture_malay_madlad: 0.009693292857755036
  train_data_mixture_subtitle_id: 0.000589185429029033
  train_data_mixture_subtitle_th: 0.0005562341397048221
  train_data_mixture_subtitle_vi: 0.0002783141183893775
  train_data_mixture_thai_madlad: 0.11058913222979518
  train_data_mixture_translation_indonesian: 0.0018261147605451564
  train_data_mixture_translation_thai: 0.0009300956921052454
  train_data_mixture_translation_vietnamese: 0.002020402654843554
  train_data_mixture_vietnamese_madlad: 0.33384368146702526
  train_data_mixture_vietnamese_sft_pretrain: 0.0025650248484462078
  train_data_mixture_wikipedia_id_text: 0.0014372999987100716
  train_data_mixture_wikipedia_th_text: 0.0010956135917879724
  train_data_mixture_wikipedia_vi_text: 0.001118194968416394
valid:
  valid_data_mixture_en_redpajama: 1.0
  valid_data_mixture_id_wikipedia: 1.0
  valid_data_mixture_th_wikipedia: 1.0
  valid_data_mixture_vi_wikipedia: 1.0
learning_rate: 0.00016977128496936425
warmup_steps: 0
max_step: 3000
eval_step_interval: 100
save_step_interval: 3000
decay_lr: true
micro_batch_size: 16
global_batch_size: 128
model_name: tiny_LLaMA_mistral_120M
