train:
  train_data_mixture_en_redpajama: 0.3173716266766905
  train_data_mixture_cleaned_cc100_ind_dedup: 0.06893738998743217
  train_data_mixture_cleaned_cc100_lao_dedup: 0.0007142156469769687
  train_data_mixture_cleaned_cc100_ms_dedup: 0.006523732781944054
  train_data_mixture_cleaned_cc100_th_dedup: 0.013115019298285596
  train_data_mixture_cleaned_cc100_vi_dedup: 0.048094976223643386
  train_data_mixture_ebook_id_non_ocr: 0.002043499951012795
  train_data_mixture_ebook_id_ocr: 0.00040605049874889524
  train_data_mixture_ebook_ms_non_ocr: 0.00011307883274793702
  train_data_mixture_ebook_th_non_ocr: 0.00012820772437480482
  train_data_mixture_ebook_vi_non_ocr: 0.00038903658392106796
  train_data_mixture_indonesian_madlad: 0.08443747619448545
  train_data_mixture_malay_madlad: 0.013224080981828328
  train_data_mixture_subtitle_id: 0.0008300399082180066
  train_data_mixture_subtitle_th: 0.0005490217647250916
  train_data_mixture_subtitle_vi: 0.00023184824879939387
  train_data_mixture_thai_madlad: 0.12638025737134176
  train_data_mixture_translation_indonesian: 0.0011954187534024114
  train_data_mixture_translation_thai: 0.0011969613518795783
  train_data_mixture_translation_vietnamese: 0.0011374245591861136
  train_data_mixture_vietnamese_madlad: 0.3056552181321796
  train_data_mixture_vietnamese_sft_pretrain: 0.0036399142640449133
  train_data_mixture_wikipedia_id_text: 0.0011930799128706175
  train_data_mixture_wikipedia_th_text: 0.0011458736108161487
  train_data_mixture_wikipedia_vi_text: 0.001346550740444471
valid:
  valid_data_mixture_en_redpajama: 1.0
  valid_data_mixture_id_wikipedia: 1.0
  valid_data_mixture_th_wikipedia: 1.0
  valid_data_mixture_vi_wikipedia: 1.0
learning_rate: 5.98075978425959e-05
warmup_steps: 0
max_step: 9000
eval_step_interval: 100
save_step_interval: 3000
decay_lr: true
micro_batch_size: 16
global_batch_size: 128
model_name: tiny_LLaMA_mistral_120M
