train:
  train_data_mixture_en_redpajama: 0.32032132877582564
  train_data_mixture_cleaned_cc100_ind_dedup: 0.08786877113174088
  train_data_mixture_cleaned_cc100_lao_dedup: 0.0005302908505323858
  train_data_mixture_cleaned_cc100_ms_dedup: 0.005340566761781061
  train_data_mixture_cleaned_cc100_th_dedup: 0.013062920484128503
  train_data_mixture_cleaned_cc100_vi_dedup: 0.06484890018897739
  train_data_mixture_ebook_id_non_ocr: 0.003957513592429143
  train_data_mixture_ebook_id_ocr: 0.0005441691202610981
  train_data_mixture_ebook_ms_non_ocr: 6.874758118197039e-05
  train_data_mixture_ebook_th_non_ocr: 0.00016941078886108525
  train_data_mixture_ebook_vi_non_ocr: 0.0002727898855259027
  train_data_mixture_indonesian_madlad: 0.09230447563821885
  train_data_mixture_malay_madlad: 0.008626622116596344
  train_data_mixture_subtitle_id: 0.0008526427619462493
  train_data_mixture_subtitle_th: 0.0006699731533544262
  train_data_mixture_subtitle_vi: 0.00013466867684023377
  train_data_mixture_thai_madlad: 0.08619115880604353
  train_data_mixture_translation_indonesian: 0.001680952970367573
  train_data_mixture_translation_thai: 0.0007696198395690754
  train_data_mixture_translation_vietnamese: 0.0017586001051377324
  train_data_mixture_vietnamese_madlad: 0.30234107191083387
  train_data_mixture_vietnamese_sft_pretrain: 0.0033805817049836354
  train_data_mixture_wikipedia_id_text: 0.0014534601303882462
  train_data_mixture_wikipedia_th_text: 0.0008491685203325098
  train_data_mixture_wikipedia_vi_text: 0.0020015945041425326
valid:
  valid_data_mixture_en_redpajama: 1.0
  valid_data_mixture_id_wikipedia: 1.0
  valid_data_mixture_th_wikipedia: 1.0
  valid_data_mixture_vi_wikipedia: 1.0
learning_rate: 5.348217823095268e-05
warmup_steps: 0
max_step: 3000
eval_step_interval: 100
save_step_interval: 3000
decay_lr: true
micro_batch_size: 16
global_batch_size: 128
model_name: tiny_LLaMA_mistral_120M
