train:
  train_data_mixture_en_redpajama: 0.2875690755454387
  train_data_mixture_cleaned_cc100_ind_dedup: 0.09997401492460539
  train_data_mixture_cleaned_cc100_lao_dedup: 0.0005639833834127831
  train_data_mixture_cleaned_cc100_ms_dedup: 0.00635466428176808
  train_data_mixture_cleaned_cc100_th_dedup: 0.010507520408368684
  train_data_mixture_cleaned_cc100_vi_dedup: 0.05846332451733869
  train_data_mixture_ebook_id_non_ocr: 0.0019797096791556354
  train_data_mixture_ebook_id_ocr: 0.0004536998246164338
  train_data_mixture_ebook_ms_non_ocr: 9.015638315529621e-05
  train_data_mixture_ebook_th_non_ocr: 0.00015138418027872133
  train_data_mixture_ebook_vi_non_ocr: 0.0005295972183462836
  train_data_mixture_indonesian_madlad: 0.08477903495201673
  train_data_mixture_malay_madlad: 0.01442222669297413
  train_data_mixture_subtitle_id: 0.0005125554125239042
  train_data_mixture_subtitle_th: 0.0008088649094606127
  train_data_mixture_subtitle_vi: 0.0002469407132689953
  train_data_mixture_thai_madlad: 0.09853645268904149
  train_data_mixture_translation_indonesian: 0.001895376538146237
  train_data_mixture_translation_thai: 0.0010361346593201906
  train_data_mixture_translation_vietnamese: 0.0013869278202139643
  train_data_mixture_vietnamese_madlad: 0.3224419138757953
  train_data_mixture_vietnamese_sft_pretrain: 0.0034335236486353303
  train_data_mixture_wikipedia_id_text: 0.000988561768368308
  train_data_mixture_wikipedia_th_text: 0.0009538427760243179
  train_data_mixture_wikipedia_vi_text: 0.0019205131977259318
valid:
  valid_data_mixture_en_redpajama: 1.0
  valid_data_mixture_id_wikipedia: 1.0
  valid_data_mixture_th_wikipedia: 1.0
  valid_data_mixture_vi_wikipedia: 1.0
learning_rate: 0.00014626302093277398
warmup_steps: 0
max_step: 5000
eval_step_interval: 100
save_step_interval: 3000
decay_lr: true
micro_batch_size: 16
global_batch_size: 128
model_name: tiny_LLaMA_mistral_120M
