train:
  train_data_mixture_en_redpajama: 0.23652412357081432
  train_data_mixture_cleaned_cc100_ind_dedup: 0.07167576486127007
  train_data_mixture_cleaned_cc100_lao_dedup: 0.0009674215133378964
  train_data_mixture_cleaned_cc100_ms_dedup: 0.00659498594344801
  train_data_mixture_cleaned_cc100_th_dedup: 0.00815754778187919
  train_data_mixture_cleaned_cc100_vi_dedup: 0.06817568113339587
  train_data_mixture_ebook_id_non_ocr: 0.0024884196524158964
  train_data_mixture_ebook_id_ocr: 0.00040872336811048843
  train_data_mixture_ebook_ms_non_ocr: 9.104370673888722e-05
  train_data_mixture_ebook_th_non_ocr: 0.00016595007933246968
  train_data_mixture_ebook_vi_non_ocr: 0.00048617137225820276
  train_data_mixture_indonesian_madlad: 0.15059404513083827
  train_data_mixture_malay_madlad: 0.011532753464921424
  train_data_mixture_subtitle_id: 0.0009351357385378448
  train_data_mixture_subtitle_th: 0.0006601337102507358
  train_data_mixture_subtitle_vi: 0.00029244588083276264
  train_data_mixture_thai_madlad: 0.1135514649161967
  train_data_mixture_translation_indonesian: 0.0012222998191975286
  train_data_mixture_translation_thai: 0.0014920290297964036
  train_data_mixture_translation_vietnamese: 0.0013122027609688712
  train_data_mixture_vietnamese_madlad: 0.3166829200662914
  train_data_mixture_vietnamese_sft_pretrain: 0.0025010030708296914
  train_data_mixture_wikipedia_id_text: 0.0008869541616519845
  train_data_mixture_wikipedia_th_text: 0.0013229051916287986
  train_data_mixture_wikipedia_vi_text: 0.0012778740750564045
valid:
  valid_data_mixture_en_redpajama: 1.0
  valid_data_mixture_id_wikipedia: 1.0
  valid_data_mixture_th_wikipedia: 1.0
  valid_data_mixture_vi_wikipedia: 1.0
learning_rate: 8.057786436547354e-05
warmup_steps: 0
max_step: 9000
eval_step_interval: 100
save_step_interval: 3000
decay_lr: true
micro_batch_size: 16
global_batch_size: 128
model_name: tiny_LLaMA_mistral_120M
