train:
  train_data_mixture_en_redpajama: 0.30634824732613425
  train_data_mixture_cleaned_cc100_ind_dedup: 0.12060207166613697
  train_data_mixture_cleaned_cc100_lao_dedup: 0.0008650787179911664
  train_data_mixture_cleaned_cc100_ms_dedup: 0.0060275690805066335
  train_data_mixture_cleaned_cc100_th_dedup: 0.00819279729595062
  train_data_mixture_cleaned_cc100_vi_dedup: 0.07198837667318933
  train_data_mixture_ebook_id_non_ocr: 0.0032279709110231247
  train_data_mixture_ebook_id_ocr: 0.00047359445363933045
  train_data_mixture_ebook_ms_non_ocr: 6.280191119575281e-05
  train_data_mixture_ebook_th_non_ocr: 0.00010255048338622147
  train_data_mixture_ebook_vi_non_ocr: 0.00037077223861054404
  train_data_mixture_indonesian_madlad: 0.19679680559957766
  train_data_mixture_malay_madlad: 0.01177276714314502
  train_data_mixture_subtitle_id: 0.0007533855793330461
  train_data_mixture_subtitle_th: 0.0005321816644743384
  train_data_mixture_subtitle_vi: 0.00023950903210592038
  train_data_mixture_thai_madlad: 0.08799278279338195
  train_data_mixture_translation_indonesian: 0.0013891872155336559
  train_data_mixture_translation_thai: 0.0013789342853523657
  train_data_mixture_translation_vietnamese: 0.0009596172880168075
  train_data_mixture_vietnamese_madlad: 0.17384320735507955
  train_data_mixture_vietnamese_sft_pretrain: 0.0030771940583560757
  train_data_mixture_wikipedia_id_text: 0.0007851377403262988
  train_data_mixture_wikipedia_th_text: 0.0007356383432081779
  train_data_mixture_wikipedia_vi_text: 0.0014818211443453399
valid:
  valid_data_mixture_en_redpajama: 1.0
  valid_data_mixture_id_wikipedia: 1.0
  valid_data_mixture_th_wikipedia: 1.0
  valid_data_mixture_vi_wikipedia: 1.0
learning_rate: 1.748784769716518e-05
warmup_steps: 0
max_step: 4000
eval_step_interval: 100
save_step_interval: 3000
decay_lr: true
micro_batch_size: 16
global_batch_size: 128
model_name: tiny_LLaMA_mistral_120M
