train:
  train_data_mixture_en_redpajama: 0.28184738277798843
  train_data_mixture_cleaned_cc100_ind_dedup: 0.08543894224872857
  train_data_mixture_cleaned_cc100_lao_dedup: 0.0006959039112799279
  train_data_mixture_cleaned_cc100_ms_dedup: 0.003637034834747828
  train_data_mixture_cleaned_cc100_th_dedup: 0.013433015120178743
  train_data_mixture_cleaned_cc100_vi_dedup: 0.06579829284502307
  train_data_mixture_ebook_id_non_ocr: 0.0019451002477065245
  train_data_mixture_ebook_id_ocr: 0.0004238731845977082
  train_data_mixture_ebook_ms_non_ocr: 5.457203847379567e-05
  train_data_mixture_ebook_th_non_ocr: 0.00010100078627001218
  train_data_mixture_ebook_vi_non_ocr: 0.00036339510515319195
  train_data_mixture_indonesian_madlad: 0.1486053673693262
  train_data_mixture_malay_madlad: 0.010835818579789625
  train_data_mixture_subtitle_id: 0.000710758929735771
  train_data_mixture_subtitle_th: 0.0007846244884007047
  train_data_mixture_subtitle_vi: 0.00012417584035118723
  train_data_mixture_thai_madlad: 0.07001936088416752
  train_data_mixture_translation_indonesian: 0.001329790016395582
  train_data_mixture_translation_thai: 0.0010210890166944282
  train_data_mixture_translation_vietnamese: 0.0011802841105764596
  train_data_mixture_vietnamese_madlad: 0.3044036612563565
  train_data_mixture_vietnamese_sft_pretrain: 0.003720807710648681
  train_data_mixture_wikipedia_id_text: 0.0010846273780682827
  train_data_mixture_wikipedia_th_text: 0.0007269407494651391
  train_data_mixture_wikipedia_vi_text: 0.001714180569876116
valid:
  valid_data_mixture_en_redpajama: 1.0
  valid_data_mixture_id_wikipedia: 1.0
  valid_data_mixture_th_wikipedia: 1.0
  valid_data_mixture_vi_wikipedia: 1.0
learning_rate: 0.00013575933151764374
warmup_steps: 0
max_step: 5000
eval_step_interval: 100
save_step_interval: 3000
decay_lr: true
micro_batch_size: 16
global_batch_size: 128
model_name: tiny_LLaMA_mistral_120M
