train:
  train_data_mixture_en_redpajama: 0.2865610648030977
  train_data_mixture_cleaned_cc100_ind_dedup: 0.1224168034255958
  train_data_mixture_cleaned_cc100_lao_dedup: 0.0008552351715433559
  train_data_mixture_cleaned_cc100_ms_dedup: 0.0064451124740674765
  train_data_mixture_cleaned_cc100_th_dedup: 0.013408064132222591
  train_data_mixture_cleaned_cc100_vi_dedup: 0.05687335634931679
  train_data_mixture_ebook_id_non_ocr: 0.004372834328759422
  train_data_mixture_ebook_id_ocr: 0.00028829561900716095
  train_data_mixture_ebook_ms_non_ocr: 9.237556827068311e-05
  train_data_mixture_ebook_th_non_ocr: 9.369559672425313e-05
  train_data_mixture_ebook_vi_non_ocr: 0.00025070017993514233
  train_data_mixture_indonesian_madlad: 0.12212222288974113
  train_data_mixture_malay_madlad: 0.010370466735502706
  train_data_mixture_subtitle_id: 0.0006889098425196081
  train_data_mixture_subtitle_th: 0.0006804745299297548
  train_data_mixture_subtitle_vi: 0.00012733955797425946
  train_data_mixture_thai_madlad: 0.06793433917115708
  train_data_mixture_translation_indonesian: 0.0017315092565815364
  train_data_mixture_translation_thai: 0.0010848051745144384
  train_data_mixture_translation_vietnamese: 0.0017125016495245628
  train_data_mixture_vietnamese_madlad: 0.29327228687983437
  train_data_mixture_vietnamese_sft_pretrain: 0.00461824648462248
  train_data_mixture_wikipedia_id_text: 0.0013121702773688816
  train_data_mixture_wikipedia_th_text: 0.0009220878450166601
  train_data_mixture_wikipedia_vi_text: 0.0017651020571721715
valid:
  valid_data_mixture_en_redpajama: 1.0
  valid_data_mixture_id_wikipedia: 1.0
  valid_data_mixture_th_wikipedia: 1.0
  valid_data_mixture_vi_wikipedia: 1.0
learning_rate: 6.443490725389774e-05
warmup_steps: 0
max_step: 6000
eval_step_interval: 100
save_step_interval: 3000
decay_lr: true
micro_batch_size: 16
global_batch_size: 128
model_name: tiny_LLaMA_mistral_120M
