train:
  train_data_mixture_en_redpajama: 0.24629263274846877
  train_data_mixture_cleaned_cc100_ind_dedup: 0.0903251952920111
  train_data_mixture_cleaned_cc100_lao_dedup: 0.0011222827322468593
  train_data_mixture_cleaned_cc100_ms_dedup: 0.005517607445230562
  train_data_mixture_cleaned_cc100_th_dedup: 0.01636426133620299
  train_data_mixture_cleaned_cc100_vi_dedup: 0.11934998776345444
  train_data_mixture_ebook_id_non_ocr: 0.004942468089916456
  train_data_mixture_ebook_id_ocr: 0.000683745541225702
  train_data_mixture_ebook_ms_non_ocr: 9.871650888670327e-05
  train_data_mixture_ebook_th_non_ocr: 0.00013042276073572443
  train_data_mixture_ebook_vi_non_ocr: 0.0005094225502187153
  train_data_mixture_indonesian_madlad: 0.13572786734602513
  train_data_mixture_malay_madlad: 0.015577096452373172
  train_data_mixture_subtitle_id: 0.0009425921058283765
  train_data_mixture_subtitle_th: 0.0008568384599671639
  train_data_mixture_subtitle_vi: 0.00020960791964443268
  train_data_mixture_thai_madlad: 0.08289318330018991
  train_data_mixture_translation_indonesian: 0.0018147752183122594
  train_data_mixture_translation_thai: 0.001029108942858145
  train_data_mixture_translation_vietnamese: 0.0022060921642037493
  train_data_mixture_vietnamese_madlad: 0.2662789875138951
  train_data_mixture_vietnamese_sft_pretrain: 0.0030414687643214038
  train_data_mixture_wikipedia_id_text: 0.0008195421669731857
  train_data_mixture_wikipedia_th_text: 0.0012673251124721647
  train_data_mixture_wikipedia_vi_text: 0.001998771764337819
valid:
  valid_data_mixture_en_redpajama: 1.0
  valid_data_mixture_id_wikipedia: 1.0
  valid_data_mixture_th_wikipedia: 1.0
  valid_data_mixture_vi_wikipedia: 1.0
learning_rate: 0.000112682784443713
warmup_steps: 0
max_step: 8000
eval_step_interval: 100
save_step_interval: 3000
decay_lr: true
micro_batch_size: 16
global_batch_size: 128
model_name: tiny_LLaMA_mistral_120M
