train:
  train_data_mixture_en_redpajama: 0.2852529729230046
  train_data_mixture_cleaned_cc100_ind_dedup: 0.07651253573479676
  train_data_mixture_cleaned_cc100_lao_dedup: 0.0009208392497235336
  train_data_mixture_cleaned_cc100_ms_dedup: 0.005329281447370782
  train_data_mixture_cleaned_cc100_th_dedup: 0.01642390372038736
  train_data_mixture_cleaned_cc100_vi_dedup: 0.11205702599481114
  train_data_mixture_ebook_id_non_ocr: 0.0037315528027451446
  train_data_mixture_ebook_id_ocr: 0.0004323923902454579
  train_data_mixture_ebook_ms_non_ocr: 0.0001581980150741521
  train_data_mixture_ebook_th_non_ocr: 0.00015997562324272698
  train_data_mixture_ebook_vi_non_ocr: 0.0005988910061201719
  train_data_mixture_indonesian_madlad: 0.1173960050978872
  train_data_mixture_malay_madlad: 0.015512383874155577
  train_data_mixture_subtitle_id: 0.0005482817910549956
  train_data_mixture_subtitle_th: 0.0008143589975245938
  train_data_mixture_subtitle_vi: 0.00034788842274689096
  train_data_mixture_thai_madlad: 0.1116618592691644
  train_data_mixture_translation_indonesian: 0.0013207414538568335
  train_data_mixture_translation_thai: 0.0009804618815473383
  train_data_mixture_translation_vietnamese: 0.0016668183119644532
  train_data_mixture_vietnamese_madlad: 0.24078262260693384
  train_data_mixture_vietnamese_sft_pretrain: 0.0028318375070903747
  train_data_mixture_wikipedia_id_text: 0.0017334138887128553
  train_data_mixture_wikipedia_th_text: 0.0011948399910794352
  train_data_mixture_wikipedia_vi_text: 0.0016309179987593222
valid:
  valid_data_mixture_en_redpajama: 1.0
  valid_data_mixture_id_wikipedia: 1.0
  valid_data_mixture_th_wikipedia: 1.0
  valid_data_mixture_vi_wikipedia: 1.0
learning_rate: 1.3984334944969821e-05
warmup_steps: 0
max_step: 9000
eval_step_interval: 100
save_step_interval: 3000
decay_lr: true
micro_batch_size: 16
global_batch_size: 128
model_name: tiny_LLaMA_mistral_120M
