train:
  train_data_mixture_en_redpajama: 0.34784047699310816
  train_data_mixture_cleaned_cc100_ind_dedup: 0.06499977480453026
  train_data_mixture_cleaned_cc100_lao_dedup: 0.0010917781784328066
  train_data_mixture_cleaned_cc100_ms_dedup: 0.004306292755602107
  train_data_mixture_cleaned_cc100_th_dedup: 0.015196650273725302
  train_data_mixture_cleaned_cc100_vi_dedup: 0.09012407550620587
  train_data_mixture_ebook_id_non_ocr: 0.004254370849554306
  train_data_mixture_ebook_id_ocr: 0.0006243304775150926
  train_data_mixture_ebook_ms_non_ocr: 7.617640576500972e-05
  train_data_mixture_ebook_th_non_ocr: 0.00018324088888465304
  train_data_mixture_ebook_vi_non_ocr: 0.000382406065611969
  train_data_mixture_indonesian_madlad: 0.12064143877517106
  train_data_mixture_malay_madlad: 0.011033066192680048
  train_data_mixture_subtitle_id: 0.0007339348464789602
  train_data_mixture_subtitle_th: 0.00047267656012212387
  train_data_mixture_subtitle_vi: 0.00021326397151752847
  train_data_mixture_thai_madlad: 0.10249134021066376
  train_data_mixture_translation_indonesian: 0.0020397542255365256
  train_data_mixture_translation_thai: 0.0016024139306048126
  train_data_mixture_translation_vietnamese: 0.0014053040911918698
  train_data_mixture_vietnamese_madlad: 0.22440699643176124
  train_data_mixture_vietnamese_sft_pretrain: 0.0029787743432513124
  train_data_mixture_wikipedia_id_text: 0.000876164911569118
  train_data_mixture_wikipedia_th_text: 0.0006435584202154579
  train_data_mixture_wikipedia_vi_text: 0.0013817398903006514
valid:
  valid_data_mixture_en_redpajama: 1.0
  valid_data_mixture_id_wikipedia: 1.0
  valid_data_mixture_th_wikipedia: 1.0
  valid_data_mixture_vi_wikipedia: 1.0
learning_rate: 0.0002968934374896274
warmup_steps: 0
max_step: 8000
eval_step_interval: 100
save_step_interval: 3000
decay_lr: true
micro_batch_size: 16
global_batch_size: 128
model_name: tiny_LLaMA_mistral_120M
