train:
  train_data_mixture_en_redpajama: 0.23211497931413677
  train_data_mixture_cleaned_cc100_ind_dedup: 0.13901781235599178
  train_data_mixture_cleaned_cc100_lao_dedup: 0.0009032549895748654
  train_data_mixture_cleaned_cc100_ms_dedup: 0.004793084299306468
  train_data_mixture_cleaned_cc100_th_dedup: 0.013318475827829199
  train_data_mixture_cleaned_cc100_vi_dedup: 0.06392672746803996
  train_data_mixture_ebook_id_non_ocr: 0.003477184669207918
  train_data_mixture_ebook_id_ocr: 0.0005347832519479376
  train_data_mixture_ebook_ms_non_ocr: 9.808718793707009e-05
  train_data_mixture_ebook_th_non_ocr: 0.00013311602485513611
  train_data_mixture_ebook_vi_non_ocr: 0.0006316104909179007
  train_data_mixture_indonesian_madlad: 0.18693884046599096
  train_data_mixture_malay_madlad: 0.014998150650368584
  train_data_mixture_subtitle_id: 0.0008092569965099784
  train_data_mixture_subtitle_th: 0.0007733553938031398
  train_data_mixture_subtitle_vi: 0.00016795088343639654
  train_data_mixture_thai_madlad: 0.0980629357859047
  train_data_mixture_translation_indonesian: 0.0011494958147732894
  train_data_mixture_translation_thai: 0.0013383460287170119
  train_data_mixture_translation_vietnamese: 0.0016473745645183674
  train_data_mixture_vietnamese_madlad: 0.22502671235045682
  train_data_mixture_vietnamese_sft_pretrain: 0.0054593848421440015
  train_data_mixture_wikipedia_id_text: 0.0016611758231948172
  train_data_mixture_wikipedia_th_text: 0.0012660166421171748
  train_data_mixture_wikipedia_vi_text: 0.0017518878783196047
valid:
  valid_data_mixture_en_redpajama: 1.0
  valid_data_mixture_id_wikipedia: 1.0
  valid_data_mixture_th_wikipedia: 1.0
  valid_data_mixture_vi_wikipedia: 1.0
learning_rate: 4.6076490235293634e-05
warmup_steps: 0
max_step: 2000
eval_step_interval: 100
save_step_interval: 3000
decay_lr: true
micro_batch_size: 16
global_batch_size: 128
model_name: tiny_LLaMA_mistral_120M
