train:
  train_data_mixture_en_redpajama: 0.3404984202038691
  train_data_mixture_cleaned_cc100_ind_dedup: 0.06589657580357516
  train_data_mixture_cleaned_cc100_lao_dedup: 0.0009830476868888235
  train_data_mixture_cleaned_cc100_ms_dedup: 0.0035304388260660353
  train_data_mixture_cleaned_cc100_th_dedup: 0.014281294596789352
  train_data_mixture_cleaned_cc100_vi_dedup: 0.06813094315546367
  train_data_mixture_ebook_id_non_ocr: 0.00437753931551263
  train_data_mixture_ebook_id_ocr: 0.0006081635936012515
  train_data_mixture_ebook_ms_non_ocr: 6.574287839630388e-05
  train_data_mixture_ebook_th_non_ocr: 0.000129484179155512
  train_data_mixture_ebook_vi_non_ocr: 0.0005792223604518382
  train_data_mixture_indonesian_madlad: 0.13066084226441735
  train_data_mixture_malay_madlad: 0.016279136053465808
  train_data_mixture_subtitle_id: 0.00075861553498554
  train_data_mixture_subtitle_th: 0.0005865970798644994
  train_data_mixture_subtitle_vi: 0.0001689425665235333
  train_data_mixture_thai_madlad: 0.075414094980105
  train_data_mixture_translation_indonesian: 0.0020336778102837457
  train_data_mixture_translation_thai: 0.0011466595983497148
  train_data_mixture_translation_vietnamese: 0.0014845893075656467
  train_data_mixture_vietnamese_madlad: 0.26415118780840585
  train_data_mixture_vietnamese_sft_pretrain: 0.003905697672730093
  train_data_mixture_wikipedia_id_text: 0.0014941311907802023
  train_data_mixture_wikipedia_th_text: 0.0013750922066216107
  train_data_mixture_wikipedia_vi_text: 0.0014598633261316632
valid:
  valid_data_mixture_en_redpajama: 1.0
  valid_data_mixture_id_wikipedia: 1.0
  valid_data_mixture_th_wikipedia: 1.0
  valid_data_mixture_vi_wikipedia: 1.0
learning_rate: 4.7825752772337605e-05
warmup_steps: 0
max_step: 4000
eval_step_interval: 100
save_step_interval: 3000
decay_lr: true
micro_batch_size: 16
global_batch_size: 128
model_name: tiny_LLaMA_mistral_120M
